********0******
band_temp[band_num]=[time_index,percent of the ELM, Frequency, width, band_type]
***************
***************
***************
***************
[[ 262.         1010.61666323    0.           36.16716382   59.87619106
     0.        ]]
********1******
band_temp[band_num]=[time_index,percent of the ELM, Frequency, width, band_type]
***************
***************
***************
***************
[]
********2******
band_temp[band_num]=[time_index,percent of the ELM, Frequency, width, band_type]
***************
***************
***************
***************
[[2.63000000e+02 1.01102799e+03 3.66300366e-03 2.91000000e+02
  5.99802416e+01 2.00000000e+00]
 [2.64000000e+02 1.01143932e+03 7.32600733e-03 2.91000000e+02
  6.01912848e+01 0.00000000e+00]
 [2.65000000e+02 1.01185064e+03 1.09890110e-02 2.91000000e+02
  6.05146349e+01 0.00000000e+00]
 [2.66000000e+02 1.01226197e+03 1.46520147e-02 2.91000000e+02
  6.09574314e+01 0.00000000e+00]
 [2.67000000e+02 1.01267330e+03 1.83150183e-02 2.91000000e+02
  6.15364426e+01 0.00000000e+00]
 [2.68000000e+02 1.01308462e+03 2.19780220e-02 2.91000000e+02
  6.22632384e+01 0.00000000e+00]
 [2.69000000e+02 1.01349595e+03 2.56410256e-02 2.91000000e+02
  6.31642000e+01 0.00000000e+00]
 [2.70000000e+02 1.01390728e+03 2.93040293e-02 2.91000000e+02
  6.42681939e+01 0.00000000e+00]
 [2.71000000e+02 1.01431861e+03 3.29670330e-02 2.92000000e+02
  6.56051100e+01 0.00000000e+00]
 [2.72000000e+02 1.01472993e+03 3.66300366e-02 2.92000000e+02
  6.72409223e+01 0.00000000e+00]
 [2.73000000e+02 1.01514126e+03 4.02930403e-02 2.92000000e+02
  6.92502922e+01 0.00000000e+00]
 [2.74000000e+02 1.01555259e+03 4.39560440e-02 2.92000000e+02
  7.17489564e+01 0.00000000e+00]
 [2.75000000e+02 1.01596391e+03 4.76190476e-02 2.93000000e+02
  7.48907277e+01 0.00000000e+00]
 [2.76000000e+02 1.01637524e+03 5.12820513e-02 2.93000000e+02
  7.89504049e+01 0.00000000e+00]
 [2.77000000e+02 1.01678657e+03 5.49450549e-02 2.93000000e+02
  8.43634165e+01 0.00000000e+00]
 [2.78000000e+02 1.01719789e+03 5.86080586e-02 2.93000000e+02
  9.19417830e+01 0.00000000e+00]
 [2.79000000e+02 1.01760922e+03 6.22710623e-02 2.93000000e+02
  1.03047744e+02 0.00000000e+00]
 [2.80000000e+02 1.01802055e+03 6.59340659e-02 2.93000000e+02
  1.18042692e+02 0.00000000e+00]
 [2.81000000e+02 1.01843188e+03 6.95970696e-02 2.93000000e+02
  1.32033121e+02 0.00000000e+00]
 [2.82000000e+02 1.01884320e+03 7.32600733e-02 2.92000000e+02
  1.42009586e+02 0.00000000e+00]
 [2.83000000e+02 1.01925453e+03 7.69230769e-02 2.91000000e+02
  1.49149702e+02 0.00000000e+00]
 [2.84000000e+02 1.01966586e+03 8.05860806e-02 2.64000000e+02
  1.53821871e+02 0.00000000e+00]
 [2.85000000e+02 1.02007718e+03 8.42490842e-02 2.57000000e+02
  1.53579789e+02 0.00000000e+00]
 [2.86000000e+02 1.02048851e+03 8.79120879e-02 2.54000000e+02
  1.52152623e+02 0.00000000e+00]
 [2.87000000e+02 1.02089984e+03 9.15750916e-02 2.52000000e+02
  1.50065001e+02 0.00000000e+00]
 [2.88000000e+02 1.02131116e+03 9.52380952e-02 2.51000000e+02
  1.47570816e+02 0.00000000e+00]
 [2.89000000e+02 1.02172249e+03 9.89010989e-02 2.50000000e+02
  1.44899898e+02 0.00000000e+00]
 [2.90000000e+02 1.02213382e+03 1.02564103e-01 2.50000000e+02
  1.42274587e+02 0.00000000e+00]
 [2.91000000e+02 1.02254515e+03 1.06227106e-01 2.49000000e+02
  1.39799207e+02 0.00000000e+00]
 [2.92000000e+02 1.02295647e+03 1.09890110e-01 2.49000000e+02
  1.37552027e+02 0.00000000e+00]
 [2.93000000e+02 1.02336780e+03 1.13553114e-01 2.49000000e+02
  1.35518881e+02 0.00000000e+00]
 [2.94000000e+02 1.02377913e+03 1.17216117e-01 2.49000000e+02
  1.33666717e+02 0.00000000e+00]
 [2.95000000e+02 1.02419045e+03 1.20879121e-01 2.49000000e+02
  1.31938564e+02 0.00000000e+00]
 [2.96000000e+02 1.02460178e+03 1.24542125e-01 2.49000000e+02
  1.30272476e+02 0.00000000e+00]
 [2.97000000e+02 1.02501311e+03 1.28205128e-01 2.49000000e+02
  1.28601681e+02 0.00000000e+00]
 [2.98000000e+02 1.02542443e+03 1.31868132e-01 2.50000000e+02
  1.26836808e+02 0.00000000e+00]
 [2.99000000e+02 1.02583576e+03 1.35531136e-01 2.50000000e+02
  1.24894768e+02 0.00000000e+00]
 [3.00000000e+02 1.02624709e+03 1.39194139e-01 2.51000000e+02
  1.22721157e+02 0.00000000e+00]
 [3.01000000e+02 1.02665841e+03 1.42857143e-01 2.52000000e+02
  1.20300719e+02 0.00000000e+00]
 [3.02000000e+02 1.02706974e+03 1.46520147e-01 2.52000000e+02
  1.17670014e+02 0.00000000e+00]
 [3.03000000e+02 1.02748107e+03 1.50183150e-01 2.54000000e+02
  1.14964896e+02 0.00000000e+00]
 [3.04000000e+02 1.02789240e+03 1.53846154e-01 2.55000000e+02
  1.12330646e+02 0.00000000e+00]
 [3.05000000e+02 1.02830372e+03 1.57509158e-01 2.56000000e+02
  1.09895816e+02 0.00000000e+00]
 [3.06000000e+02 1.02871505e+03 1.61172161e-01 2.58000000e+02
  1.07700898e+02 0.00000000e+00]
 [3.07000000e+02 1.02912638e+03 1.64835165e-01 2.60000000e+02
  1.05756473e+02 0.00000000e+00]
 [3.08000000e+02 1.02953770e+03 1.68498168e-01 2.64000000e+02
  1.04022907e+02 0.00000000e+00]
 [3.09000000e+02 1.02994903e+03 1.72161172e-01 2.82000000e+02
  1.02249598e+02 0.00000000e+00]
 [3.10000000e+02 1.03036036e+03 1.75824176e-01 2.85000000e+02
  1.00472429e+02 0.00000000e+00]
 [3.11000000e+02 1.03077168e+03 1.79487179e-01 2.86000000e+02
  9.90341770e+01 0.00000000e+00]
 [3.12000000e+02 1.03118301e+03 1.83150183e-01 2.86000000e+02
  9.78989318e+01 0.00000000e+00]
 [3.13000000e+02 1.03159434e+03 1.86813187e-01 2.87000000e+02
  9.70163589e+01 0.00000000e+00]
 [3.14000000e+02 1.03200567e+03 1.90476190e-01 2.87000000e+02
  9.63544198e+01 0.00000000e+00]
 [3.15000000e+02 1.03241699e+03 1.94139194e-01 2.87000000e+02
  9.58781822e+01 0.00000000e+00]
 [3.16000000e+02 1.03282832e+03 1.97802198e-01 2.87000000e+02
  9.55647578e+01 0.00000000e+00]
 [3.17000000e+02 1.03323965e+03 2.01465201e-01 2.87000000e+02
  9.53868417e+01 0.00000000e+00]
 [3.18000000e+02 1.03365097e+03 2.05128205e-01 2.87000000e+02
  9.53295054e+01 0.00000000e+00]
 [3.19000000e+02 1.03406230e+03 2.08791209e-01 2.88000000e+02
  9.53771131e+01 0.00000000e+00]
 [3.20000000e+02 1.03447363e+03 2.12454212e-01 2.88000000e+02
  9.55158498e+01 0.00000000e+00]
 [3.21000000e+02 1.03488495e+03 2.16117216e-01 2.88000000e+02
  9.57317011e+01 0.00000000e+00]
 [3.22000000e+02 1.03529628e+03 2.19780220e-01 2.88000000e+02
  9.60135196e+01 0.00000000e+00]
 [3.23000000e+02 1.03570761e+03 2.23443223e-01 2.88000000e+02
  9.63493282e+01 0.00000000e+00]
 [3.24000000e+02 1.03611893e+03 2.27106227e-01 2.88000000e+02
  9.67234453e+01 0.00000000e+00]
 [3.25000000e+02 1.03653026e+03 2.30769231e-01 2.88000000e+02
  9.71249881e+01 0.00000000e+00]
 [3.26000000e+02 1.03694159e+03 2.34432234e-01 2.88000000e+02
  9.75392364e+01 0.00000000e+00]
 [3.27000000e+02 1.03735292e+03 2.38095238e-01 2.89000000e+02
  9.79450896e+01 0.00000000e+00]
 [3.28000000e+02 1.03776424e+03 2.41758242e-01 2.89000000e+02
  9.83281341e+01 0.00000000e+00]
 [3.29000000e+02 1.03817557e+03 2.45421245e-01 2.89000000e+02
  9.86749535e+01 0.00000000e+00]
 [3.30000000e+02 1.03858690e+03 2.49084249e-01 2.90000000e+02
  9.89680425e+01 0.00000000e+00]
 [3.31000000e+02 1.03899822e+03 2.52747253e-01 2.90000000e+02
  9.91749411e+01 0.00000000e+00]
 [3.32000000e+02 1.03940955e+03 2.56410256e-01 2.90000000e+02
  9.92877062e+01 0.00000000e+00]
 [3.33000000e+02 1.03982088e+03 2.60073260e-01 2.91000000e+02
  9.92682763e+01 0.00000000e+00]
 [3.34000000e+02 1.04023220e+03 2.63736264e-01 2.91000000e+02
  9.90861043e+01 0.00000000e+00]
 [3.35000000e+02 1.04064353e+03 2.67399267e-01 2.92000000e+02
  9.86864450e+01 0.00000000e+00]
 [3.36000000e+02 1.04105486e+03 2.71062271e-01 2.92000000e+02
  9.79801426e+01 0.00000000e+00]
 [3.37000000e+02 1.04146619e+03 2.74725275e-01 2.93000000e+02
  9.68505498e+01 0.00000000e+00]
 [3.38000000e+02 1.04187751e+03 2.78388278e-01 2.93000000e+02
  9.50244606e+01 0.00000000e+00]
 [3.39000000e+02 1.04228884e+03 2.82051282e-01 2.94000000e+02
  9.21584629e+01 0.00000000e+00]
 [3.40000000e+02 1.04270017e+03 2.85714286e-01 2.94000000e+02
  8.79780139e+01 0.00000000e+00]
 [3.41000000e+02 1.04311149e+03 2.89377289e-01 2.95000000e+02
  8.37805673e+01 0.00000000e+00]
 [3.42000000e+02 1.04352282e+03 2.93040293e-01 2.96000000e+02
  8.15423095e+01 0.00000000e+00]
 [3.43000000e+02 1.04393415e+03 2.96703297e-01 2.96000000e+02
  8.16114350e+01 0.00000000e+00]
 [3.44000000e+02 1.04434547e+03 3.00366300e-01 2.97000000e+02
  8.44972916e+01 0.00000000e+00]
 [3.45000000e+02 1.04475680e+03 3.04029304e-01 2.98000000e+02
  9.12267926e+01 0.00000000e+00]
 [3.46000000e+02 1.04516813e+03 3.07692308e-01 2.99000000e+02
  9.79191546e+01 0.00000000e+00]
 [3.47000000e+02 1.04557945e+03 3.11355311e-01 3.00000000e+02
  1.02020786e+02 0.00000000e+00]
 [3.48000000e+02 1.04599078e+03 3.15018315e-01 3.01000000e+02
  1.04672781e+02 0.00000000e+00]
 [3.49000000e+02 1.04640211e+03 3.18681319e-01 3.03000000e+02
  1.06577685e+02 0.00000000e+00]
 [3.50000000e+02 1.04681344e+03 3.22344322e-01 3.06000000e+02
  1.07922389e+02 0.00000000e+00]
 [3.51000000e+02 1.04722476e+03 3.26007326e-01 3.34000000e+02
  1.07584994e+02 0.00000000e+00]
 [3.52000000e+02 1.04763609e+03 3.29670330e-01 3.39000000e+02
  1.04782201e+02 0.00000000e+00]
 [3.53000000e+02 1.04804742e+03 3.33333333e-01 3.41000000e+02
  1.01733501e+02 0.00000000e+00]
 [3.54000000e+02 1.04845874e+03 3.36996337e-01 3.42000000e+02
  9.84568118e+01 0.00000000e+00]
 [3.55000000e+02 1.04887007e+03 3.40659341e-01 3.43000000e+02
  9.48164332e+01 0.00000000e+00]
 [3.56000000e+02 1.04928140e+03 3.44322344e-01 3.44000000e+02
  9.05675195e+01 0.00000000e+00]
 [3.57000000e+02 1.04969272e+03 3.47985348e-01 3.45000000e+02
  8.52669299e+01 0.00000000e+00]
 [3.58000000e+02 1.05010405e+03 3.51648352e-01 3.45000000e+02
  7.85619425e+01 0.00000000e+00]
 [3.59000000e+02 1.05051538e+03 3.55311355e-01 3.45000000e+02
  7.22882650e+01 0.00000000e+00]
 [3.60000000e+02 1.05092671e+03 3.58974359e-01 3.46000000e+02
  6.80713664e+01 0.00000000e+00]
 [3.61000000e+02 1.05133803e+03 3.62637363e-01 3.46000000e+02
  6.52240765e+01 0.00000000e+00]
 [3.62000000e+02 1.05174936e+03 3.66300366e-01 3.46000000e+02
  6.31537821e+01 0.00000000e+00]
 [3.63000000e+02 1.05216069e+03 3.69963370e-01 3.46000000e+02
  6.15525123e+01 0.00000000e+00]
 [3.64000000e+02 1.05257201e+03 3.73626374e-01 3.46000000e+02
  6.02521741e+01 0.00000000e+00]
 [3.65000000e+02 1.05298334e+03 3.77289377e-01 3.47000000e+02
  5.92368705e+01 0.00000000e+00]
 [3.66000000e+02 1.05339467e+03 3.80952381e-01 3.47000000e+02
  5.83859436e+01 0.00000000e+00]
 [3.67000000e+02 1.05380599e+03 3.84615385e-01 3.47000000e+02
  5.76550670e+01 0.00000000e+00]
 [3.68000000e+02 1.05421732e+03 3.88278388e-01 3.47000000e+02
  5.70286838e+01 0.00000000e+00]
 [3.69000000e+02 1.05462865e+03 3.91941392e-01 3.47000000e+02
  5.64814217e+01 0.00000000e+00]
 [3.70000000e+02 1.05503997e+03 3.95604396e-01 3.47000000e+02
  5.60049598e+01 0.00000000e+00]
 [3.71000000e+02 1.05545130e+03 3.99267399e-01 3.47000000e+02
  5.55848734e+01 0.00000000e+00]
 [3.72000000e+02 1.05586263e+03 4.02930403e-01 3.47000000e+02
  5.52241037e+01 0.00000000e+00]
 [3.73000000e+02 1.05627396e+03 4.06593407e-01 3.47000000e+02
  5.49166990e+01 0.00000000e+00]
 [3.74000000e+02 1.05668528e+03 4.10256410e-01 3.47000000e+02
  5.15284481e+01 0.00000000e+00]
 [3.75000000e+02 1.05709661e+03 4.13919414e-01 3.47000000e+02
  5.15304562e+01 0.00000000e+00]
 [3.76000000e+02 1.05750794e+03 4.17582418e-01 3.47000000e+02
  5.15462148e+01 0.00000000e+00]
 [3.77000000e+02 1.05791926e+03 4.21245421e-01 3.47000000e+02
  5.15841894e+01 0.00000000e+00]
 [3.78000000e+02 1.05833059e+03 4.24908425e-01 3.47000000e+02
  5.16566249e+01 0.00000000e+00]
 [3.79000000e+02 1.05874192e+03 4.28571429e-01 3.47000000e+02
  5.18267449e+01 0.00000000e+00]
 [3.80000000e+02 1.05915324e+03 4.32234432e-01 3.47000000e+02
  5.22571015e+01 0.00000000e+00]
 [3.81000000e+02 1.05956457e+03 4.35897436e-01 3.46000000e+02
  5.34848418e+01 0.00000000e+00]
 [3.82000000e+02 1.05997590e+03 4.39560440e-01 3.46000000e+02
  5.79359866e+01 0.00000000e+00]
 [3.83000000e+02 1.06038723e+03 4.43223443e-01 3.45000000e+02
  7.04247780e+01 0.00000000e+00]]
********3******
band_temp[band_num]=[time_index,percent of the ELM, Frequency, width, band_type]
***************
***************
***************
***************
[[2.63000000e+02 1.01102799e+03 3.66300366e-03 5.17000000e+02
  4.69389765e+01 2.00000000e+00]
 [2.64000000e+02 1.01143932e+03 7.32600733e-03 5.17000000e+02
  4.71137542e+01 0.00000000e+00]
 [2.65000000e+02 1.01185064e+03 1.09890110e-02 5.17000000e+02
  4.73716981e+01 0.00000000e+00]
 [2.66000000e+02 1.01226197e+03 1.46520147e-02 5.17000000e+02
  4.77080727e+01 0.00000000e+00]
 [2.67000000e+02 1.01267330e+03 1.83150183e-02 5.17000000e+02
  4.81193269e+01 0.00000000e+00]
 [2.68000000e+02 1.01308462e+03 2.19780220e-02 5.17000000e+02
  4.85968021e+01 0.00000000e+00]
 [2.69000000e+02 1.01349595e+03 2.56410256e-02 5.17000000e+02
  4.91322916e+01 0.00000000e+00]
 [2.70000000e+02 1.01390728e+03 2.93040293e-02 5.17000000e+02
  4.97163582e+01 0.00000000e+00]
 [2.71000000e+02 1.01431861e+03 3.29670330e-02 5.17000000e+02
  5.03413182e+01 0.00000000e+00]
 [2.72000000e+02 1.01472993e+03 3.66300366e-02 5.17000000e+02
  5.09978340e+01 0.00000000e+00]
 [2.73000000e+02 1.01514126e+03 4.02930403e-02 5.17000000e+02
  5.16757852e+01 0.00000000e+00]
 [2.74000000e+02 1.01555259e+03 4.39560440e-02 5.17000000e+02
  5.23672650e+01 0.00000000e+00]
 [2.75000000e+02 1.01596391e+03 4.76190476e-02 5.17000000e+02
  5.30646659e+01 0.00000000e+00]
 [2.76000000e+02 1.01637524e+03 5.12820513e-02 5.17000000e+02
  5.37608285e+01 0.00000000e+00]
 [2.77000000e+02 1.01678657e+03 5.49450549e-02 5.17000000e+02
  5.44498611e+01 0.00000000e+00]
 [2.78000000e+02 1.01719789e+03 5.86080586e-02 5.17000000e+02
  5.51283499e+01 0.00000000e+00]
 [2.79000000e+02 1.01760922e+03 6.22710623e-02 5.17000000e+02
  5.57923382e+01 0.00000000e+00]
 [2.80000000e+02 1.01802055e+03 6.59340659e-02 5.17000000e+02
  5.64406358e+01 0.00000000e+00]
 [2.81000000e+02 1.01843188e+03 6.95970696e-02 5.17000000e+02
  5.70741977e+01 0.00000000e+00]
 [2.82000000e+02 1.01884320e+03 7.32600733e-02 5.17000000e+02
  5.76935492e+01 0.00000000e+00]
 [2.83000000e+02 1.01925453e+03 7.69230769e-02 5.17000000e+02
  5.83045336e+01 0.00000000e+00]
 [2.84000000e+02 1.01966586e+03 8.05860806e-02 5.17000000e+02
  5.89126046e+01 0.00000000e+00]
 [2.85000000e+02 1.02007718e+03 8.42490842e-02 5.17000000e+02
  5.95253565e+01 0.00000000e+00]
 [2.86000000e+02 1.02048851e+03 8.79120879e-02 5.17000000e+02
  6.01565127e+01 0.00000000e+00]]
********4******
band_temp[band_num]=[time_index,percent of the ELM, Frequency, width, band_type]
***************
***************
***************
***************
[[2.87000000e+02 1.02089984e+03 9.15750916e-02 6.06000000e+02
  4.17711074e+01 2.00000000e+00]
 [2.88000000e+02 1.02131116e+03 9.52380952e-02 6.07000000e+02
  4.16676375e+01 0.00000000e+00]
 [2.89000000e+02 1.02172249e+03 9.89010989e-02 6.07000000e+02
  4.15622504e+01 0.00000000e+00]
 [2.90000000e+02 1.02213382e+03 1.02564103e-01 6.07000000e+02
  4.14716265e+01 0.00000000e+00]
 [2.91000000e+02 1.02254515e+03 1.06227106e-01 6.07000000e+02
  4.13979597e+01 0.00000000e+00]
 [2.92000000e+02 1.02295647e+03 1.09890110e-01 6.07000000e+02
  4.13448401e+01 0.00000000e+00]
 [2.93000000e+02 1.02336780e+03 1.13553114e-01 6.07000000e+02
  4.13172608e+01 0.00000000e+00]
 [2.94000000e+02 1.02377913e+03 1.17216117e-01 6.07000000e+02
  4.13233363e+01 0.00000000e+00]
 [2.95000000e+02 1.02419045e+03 1.20879121e-01 6.07000000e+02
  4.13686913e+01 0.00000000e+00]
 [2.96000000e+02 1.02460178e+03 1.24542125e-01 6.07000000e+02
  4.14635742e+01 0.00000000e+00]
 [2.97000000e+02 1.02501311e+03 1.28205128e-01 6.07000000e+02
  4.16244015e+01 0.00000000e+00]
 [2.98000000e+02 1.02542443e+03 1.31868132e-01 6.07000000e+02
  4.18725953e+01 0.00000000e+00]
 [2.99000000e+02 1.02583576e+03 1.35531136e-01 6.07000000e+02
  4.22349676e+01 0.00000000e+00]
 [3.00000000e+02 1.02624709e+03 1.39194139e-01 6.07000000e+02
  4.27600928e+01 0.00000000e+00]
 [3.01000000e+02 1.02665841e+03 1.42857143e-01 6.07000000e+02
  4.35313679e+01 0.00000000e+00]
 [3.02000000e+02 1.02706974e+03 1.46520147e-01 6.07000000e+02
  4.47268855e+01 0.00000000e+00]
 [3.03000000e+02 1.02748107e+03 1.50183150e-01 6.07000000e+02
  4.67681737e+01 0.00000000e+00]
 [3.04000000e+02 1.02789240e+03 1.53846154e-01 6.06000000e+02
  5.29290118e+01 0.00000000e+00]
 [3.05000000e+02 1.02830372e+03 1.57509158e-01 6.06000000e+02
  1.48299505e+02 0.00000000e+00]]
********5******
band_temp[band_num]=[time_index,percent of the ELM, Frequency, width, band_type]
***************
***************
***************
***************
[[3.06000000e+02 1.02871505e+03 1.61172161e-01 5.28000000e+02
  1.47006671e+02 2.00000000e+00]
 [3.07000000e+02 1.02912638e+03 1.64835165e-01 5.30000000e+02
  1.44751114e+02 0.00000000e+00]
 [3.08000000e+02 1.02953770e+03 1.68498168e-01 5.31000000e+02
  1.42155561e+02 0.00000000e+00]
 ...
 [5.33000000e+02 1.12208627e+03 9.92673993e-01 5.48000000e+02
  9.60003247e+01 0.00000000e+00]
 [5.34000000e+02 1.12249760e+03 9.96336996e-01 5.48000000e+02
  9.53598267e+01 0.00000000e+00]
 [5.35000000e+02 1.12290892e+03 1.00000000e+00 5.48000000e+02
  9.47222993e+01 0.00000000e+00]]
********6******
band_temp[band_num]=[time_index,percent of the ELM, Frequency, width, band_type]
***************
***************
***************
***************
[[3.51000000e+02 1.04722476e+03 3.26007326e-01 4.55000000e+02
  3.51340525e+01 2.00000000e+00]
 [3.52000000e+02 1.04763609e+03 3.29670330e-01 4.55000000e+02
  3.53506260e+01 0.00000000e+00]
 [3.53000000e+02 1.04804742e+03 3.33333333e-01 4.55000000e+02
  3.55902748e+01 0.00000000e+00]
 [3.54000000e+02 1.04845874e+03 3.36996337e-01 4.55000000e+02
  3.58593449e+01 0.00000000e+00]
 [3.55000000e+02 1.04887007e+03 3.40659341e-01 4.55000000e+02
  3.61205350e+01 0.00000000e+00]
 [3.56000000e+02 1.04928140e+03 3.44322344e-01 4.55000000e+02
  3.63673060e+01 0.00000000e+00]
 [3.57000000e+02 1.04969272e+03 3.47985348e-01 4.55000000e+02
  3.66155652e+01 0.00000000e+00]
 [3.58000000e+02 1.05010405e+03 3.51648352e-01 4.55000000e+02
  3.68380374e+01 0.00000000e+00]
 [3.59000000e+02 1.05051538e+03 3.55311355e-01 4.55000000e+02
  3.70552642e+01 0.00000000e+00]
 [3.60000000e+02 1.05092671e+03 3.58974359e-01 4.55000000e+02
  3.72550325e+01 0.00000000e+00]
 [3.61000000e+02 1.05133803e+03 3.62637363e-01 4.55000000e+02
  3.74392214e+01 0.00000000e+00]
 [3.62000000e+02 1.05174936e+03 3.66300366e-01 4.55000000e+02
  3.76139481e+01 0.00000000e+00]
 [3.63000000e+02 1.05216069e+03 3.69963370e-01 4.55000000e+02
  3.77696464e+01 0.00000000e+00]
 [3.64000000e+02 1.05257201e+03 3.73626374e-01 4.55000000e+02
  3.79108115e+01 0.00000000e+00]
 [3.65000000e+02 1.05298334e+03 3.77289377e-01 4.55000000e+02
  3.78568208e+01 0.00000000e+00]
 [3.66000000e+02 1.05339467e+03 3.80952381e-01 4.55000000e+02
  3.77990274e+01 0.00000000e+00]
 [3.67000000e+02 1.05380599e+03 3.84615385e-01 4.55000000e+02
  3.77365630e+01 0.00000000e+00]
 [3.68000000e+02 1.05421732e+03 3.88278388e-01 4.55000000e+02
  3.76690095e+01 0.00000000e+00]
 [3.69000000e+02 1.05462865e+03 3.91941392e-01 4.55000000e+02
  3.76026313e+01 0.00000000e+00]
 [3.70000000e+02 1.05503997e+03 3.95604396e-01 4.55000000e+02
  3.75366888e+01 0.00000000e+00]
 [3.71000000e+02 1.05545130e+03 3.99267399e-01 4.55000000e+02
  3.74654367e+01 0.00000000e+00]
 [3.72000000e+02 1.05586263e+03 4.02930403e-01 4.55000000e+02
  3.73882864e+01 0.00000000e+00]
 [3.73000000e+02 1.05627396e+03 4.06593407e-01 4.55000000e+02
  3.73096948e+01 0.00000000e+00]
 [3.74000000e+02 1.05668528e+03 4.10256410e-01 4.55000000e+02
  3.72342875e+01 0.00000000e+00]
 [3.75000000e+02 1.05709661e+03 4.13919414e-01 4.55000000e+02
  3.71522681e+01 0.00000000e+00]
 [3.76000000e+02 1.05750794e+03 4.17582418e-01 4.55000000e+02
  3.70629729e+01 0.00000000e+00]
 [3.77000000e+02 1.05791926e+03 4.21245421e-01 4.55000000e+02
  3.69718530e+01 0.00000000e+00]
 [3.78000000e+02 1.05833059e+03 4.24908425e-01 4.55000000e+02
  3.68844351e+01 0.00000000e+00]
 [3.79000000e+02 1.05874192e+03 4.28571429e-01 4.55000000e+02
  3.67890012e+01 0.00000000e+00]
 [3.80000000e+02 1.05915324e+03 4.32234432e-01 4.55000000e+02
  3.66846983e+01 0.00000000e+00]
 [3.81000000e+02 1.05956457e+03 4.35897436e-01 4.55000000e+02
  3.65817102e+01 0.00000000e+00]
 [3.82000000e+02 1.05997590e+03 4.39560440e-01 4.55000000e+02
  3.64793335e+01 0.00000000e+00]
 [3.83000000e+02 1.06038723e+03 4.43223443e-01 4.55000000e+02
  3.63672588e+01 0.00000000e+00]
 [3.84000000e+02 1.06079855e+03 4.46886447e-01 4.55000000e+02
  3.62444338e+01 0.00000000e+00]
 [3.85000000e+02 1.06120988e+03 4.50549451e-01 4.55000000e+02
  3.61307853e+01 0.00000000e+00]
 [3.86000000e+02 1.06162121e+03 4.54212454e-01 4.55000000e+02
  3.60095997e+01 0.00000000e+00]
 [3.87000000e+02 1.06203253e+03 4.57875458e-01 4.55000000e+02
  3.58762438e+01 0.00000000e+00]
 [3.88000000e+02 1.06244386e+03 4.61538462e-01 4.55000000e+02
  3.57362951e+01 0.00000000e+00]
 [3.89000000e+02 1.06285519e+03 4.65201465e-01 4.55000000e+02
  3.56041492e+01 0.00000000e+00]
 [3.90000000e+02 1.06326651e+03 4.68864469e-01 4.55000000e+02
  3.54596709e+01 0.00000000e+00]
 [3.91000000e+02 1.06367784e+03 4.72527473e-01 4.55000000e+02
  3.53034721e+01 0.00000000e+00]
 [3.92000000e+02 1.06408917e+03 4.76190476e-01 4.55000000e+02
  3.51406802e+01 0.00000000e+00]
 [3.93000000e+02 1.06450049e+03 4.79853480e-01 4.55000000e+02
  3.49895511e+01 0.00000000e+00]
 [3.94000000e+02 1.06491182e+03 4.83516484e-01 4.55000000e+02
  3.48381359e+01 0.00000000e+00]]
********7******
band_temp[band_num]=[time_index,percent of the ELM, Frequency, width, band_type]
***************
***************
***************
***************
[[3.60000000e+02 1.05092671e+03 3.58974359e-01 2.23000000e+02
  3.64292484e+01 2.00000000e+00]
 [3.61000000e+02 1.05133803e+03 3.62637363e-01 2.22000000e+02
  4.16081484e+01 0.00000000e+00]
 [3.62000000e+02 1.05174936e+03 3.66300366e-01 2.21000000e+02
  4.57524156e+01 0.00000000e+00]
 [3.63000000e+02 1.05216069e+03 3.69963370e-01 2.20000000e+02
  4.91126056e+01 0.00000000e+00]
 [3.64000000e+02 1.05257201e+03 3.73626374e-01 2.19000000e+02
  5.19080604e+01 0.00000000e+00]
 [3.65000000e+02 1.05298334e+03 3.77289377e-01 2.19000000e+02
  5.42360824e+01 0.00000000e+00]
 [3.66000000e+02 1.05339467e+03 3.80952381e-01 2.19000000e+02
  5.62085634e+01 0.00000000e+00]
 [3.67000000e+02 1.05380599e+03 3.84615385e-01 2.18000000e+02
  5.78684892e+01 0.00000000e+00]
 [3.68000000e+02 1.05421732e+03 3.88278388e-01 2.18000000e+02
  5.92662753e+01 0.00000000e+00]
 [3.69000000e+02 1.05462865e+03 3.91941392e-01 2.18000000e+02
  6.04433207e+01 0.00000000e+00]
 [3.70000000e+02 1.05503997e+03 3.95604396e-01 2.18000000e+02
  6.14298618e+01 0.00000000e+00]
 [3.71000000e+02 1.05545130e+03 3.99267399e-01 2.18000000e+02
  6.22401526e+01 0.00000000e+00]
 [3.72000000e+02 1.05586263e+03 4.02930403e-01 2.18000000e+02
  6.29038581e+01 0.00000000e+00]
 [3.73000000e+02 1.05627396e+03 4.06593407e-01 2.18000000e+02
  6.34302914e+01 0.00000000e+00]
 [3.74000000e+02 1.05668528e+03 4.10256410e-01 2.18000000e+02
  6.66347411e+01 0.00000000e+00]
 [3.75000000e+02 1.05709661e+03 4.13919414e-01 2.18000000e+02
  6.64560469e+01 0.00000000e+00]
 [3.76000000e+02 1.05750794e+03 4.17582418e-01 2.17000000e+02
  6.62901494e+01 0.00000000e+00]
 [3.77000000e+02 1.05791926e+03 4.21245421e-01 2.17000000e+02
  6.61394301e+01 0.00000000e+00]
 [3.78000000e+02 1.05833059e+03 4.24908425e-01 2.17000000e+02
  6.59982559e+01 0.00000000e+00]
 [3.79000000e+02 1.05874192e+03 4.28571429e-01 2.17000000e+02
  6.58648335e+01 0.00000000e+00]
 [3.80000000e+02 1.05915324e+03 4.32234432e-01 2.17000000e+02
  6.57413105e+01 0.00000000e+00]
 [3.81000000e+02 1.05956457e+03 4.35897436e-01 2.17000000e+02
  6.56221037e+01 0.00000000e+00]
 [3.82000000e+02 1.05997590e+03 4.39560440e-01 2.17000000e+02
  6.55097699e+01 0.00000000e+00]
 [3.83000000e+02 1.06038723e+03 4.43223443e-01 2.17000000e+02
  6.54039203e+01 0.00000000e+00]
 [3.84000000e+02 1.06079855e+03 4.46886447e-01 2.17000000e+02
  6.53028749e+01 0.00000000e+00]
 [3.85000000e+02 1.06120988e+03 4.50549451e-01 2.17000000e+02
  6.52104657e+01 0.00000000e+00]
 [3.86000000e+02 1.06162121e+03 4.54212454e-01 2.17000000e+02
  6.51259131e+01 0.00000000e+00]
 [3.87000000e+02 1.06203253e+03 4.57875458e-01 2.17000000e+02
  6.50511629e+01 0.00000000e+00]]
********8******
band_temp[band_num]=[time_index,percent of the ELM, Frequency, width, band_type]
***************
***************
***************
***************
[[3.88000000e+02 1.06244386e+03 4.61538462e-01 3.05000000e+02
  4.16946211e+01 2.00000000e+00]
 [3.89000000e+02 1.06285519e+03 4.65201465e-01 3.04000000e+02
  4.06612035e+01 0.00000000e+00]
 [3.90000000e+02 1.06326651e+03 4.68864469e-01 3.04000000e+02
  4.00761596e+01 0.00000000e+00]
 [3.91000000e+02 1.06367784e+03 4.72527473e-01 3.04000000e+02
  3.97374718e+01 0.00000000e+00]
 [3.92000000e+02 1.06408917e+03 4.76190476e-01 3.04000000e+02
  3.95369336e+01 0.00000000e+00]
 [3.93000000e+02 1.06450049e+03 4.79853480e-01 3.04000000e+02
  3.94200449e+01 0.00000000e+00]
 [3.94000000e+02 1.06491182e+03 4.83516484e-01 3.04000000e+02
  3.93517166e+01 0.00000000e+00]
 [3.95000000e+02 1.06532315e+03 4.87179487e-01 3.04000000e+02
  3.93135183e+01 0.00000000e+00]
 [3.96000000e+02 1.06573448e+03 4.90842491e-01 3.04000000e+02
  3.92937917e+01 0.00000000e+00]
 [3.97000000e+02 1.06614580e+03 4.94505495e-01 3.04000000e+02
  3.92857600e+01 0.00000000e+00]
 [3.98000000e+02 1.06655713e+03 4.98168498e-01 3.04000000e+02
  3.92853279e+01 0.00000000e+00]
 [3.99000000e+02 1.06696846e+03 5.01831502e-01 3.04000000e+02
  3.92898862e+01 0.00000000e+00]
 [4.00000000e+02 1.06737978e+03 5.05494505e-01 3.04000000e+02
  3.92978673e+01 0.00000000e+00]
 [4.01000000e+02 1.06779111e+03 5.09157509e-01 3.04000000e+02
  3.93082522e+01 0.00000000e+00]
 [4.02000000e+02 1.06820244e+03 5.12820513e-01 3.04000000e+02
  3.93204331e+01 0.00000000e+00]
 [4.03000000e+02 1.06861376e+03 5.16483516e-01 3.04000000e+02
  3.93344534e+01 0.00000000e+00]
 [4.04000000e+02 1.06902509e+03 5.20146520e-01 3.04000000e+02
  3.93497184e+01 0.00000000e+00]
 [4.05000000e+02 1.06943642e+03 5.23809524e-01 3.04000000e+02
  3.93662286e+01 0.00000000e+00]
 [4.06000000e+02 1.06984775e+03 5.27472527e-01 3.04000000e+02
  3.93834753e+01 0.00000000e+00]
 [4.07000000e+02 1.07025907e+03 5.31135531e-01 3.04000000e+02
  3.94024361e+01 0.00000000e+00]
 [4.08000000e+02 1.07067040e+03 5.34798535e-01 3.03000000e+02
  3.94199091e+01 0.00000000e+00]
 [4.09000000e+02 1.07108173e+03 5.38461538e-01 3.03000000e+02
  3.94378066e+01 0.00000000e+00]
 [4.10000000e+02 1.07149305e+03 5.42124542e-01 3.03000000e+02
  3.94563815e+01 0.00000000e+00]
 [4.11000000e+02 1.07190438e+03 5.45787546e-01 3.03000000e+02
  3.94764424e+01 0.00000000e+00]
 [4.12000000e+02 1.07231571e+03 5.49450549e-01 3.03000000e+02
  3.94983206e+01 0.00000000e+00]
 [4.13000000e+02 1.07272703e+03 5.53113553e-01 3.03000000e+02
  3.95224832e+01 0.00000000e+00]
 [4.14000000e+02 1.07313836e+03 5.56776557e-01 3.03000000e+02
  3.95496080e+01 0.00000000e+00]
 [4.15000000e+02 1.07354969e+03 5.60439560e-01 3.03000000e+02
  3.95806422e+01 0.00000000e+00]
 [4.16000000e+02 1.07396101e+03 5.64102564e-01 3.03000000e+02
  3.96169579e+01 0.00000000e+00]
 [4.17000000e+02 1.07437234e+03 5.67765568e-01 3.03000000e+02
  3.96605547e+01 0.00000000e+00]
 [4.18000000e+02 1.07478367e+03 5.71428571e-01 3.03000000e+02
  3.97140265e+01 0.00000000e+00]
 [4.19000000e+02 1.07519500e+03 5.75091575e-01 3.03000000e+02
  3.97810657e+01 0.00000000e+00]
 [4.20000000e+02 1.07560632e+03 5.78754579e-01 3.03000000e+02
  3.98670672e+01 0.00000000e+00]
 [4.21000000e+02 1.07601765e+03 5.82417582e-01 3.03000000e+02
  3.99795669e+01 0.00000000e+00]
 [4.22000000e+02 1.07642898e+03 5.86080586e-01 3.03000000e+02
  4.01297055e+01 0.00000000e+00]
 [4.23000000e+02 1.07684030e+03 5.89743590e-01 3.03000000e+02
  4.03323401e+01 0.00000000e+00]
 [4.24000000e+02 1.07725163e+03 5.93406593e-01 3.03000000e+02
  4.06064431e+01 0.00000000e+00]
 [4.25000000e+02 1.07766296e+03 5.97069597e-01 3.03000000e+02
  4.09795601e+01 0.00000000e+00]
 [4.26000000e+02 1.07807428e+03 6.00732601e-01 3.03000000e+02
  4.14896007e+01 0.00000000e+00]
 [4.27000000e+02 1.07848561e+03 6.04395604e-01 3.03000000e+02
  4.21939267e+01 0.00000000e+00]
 [4.28000000e+02 1.07889694e+03 6.08058608e-01 3.03000000e+02
  4.31719399e+01 0.00000000e+00]
 [4.29000000e+02 1.07930827e+03 6.11721612e-01 3.03000000e+02
  4.45255496e+01 0.00000000e+00]
 [4.30000000e+02 1.07971959e+03 6.15384615e-01 3.03000000e+02
  4.64170656e+01 0.00000000e+00]
 [4.31000000e+02 1.08013092e+03 6.19047619e-01 3.03000000e+02
  4.90633417e+01 0.00000000e+00]
 [4.32000000e+02 1.08054225e+03 6.22710623e-01 3.03000000e+02
  5.28182674e+01 0.00000000e+00]
 [4.33000000e+02 1.08095357e+03 6.26373626e-01 3.03000000e+02
  5.81623813e+01 0.00000000e+00]
 [4.34000000e+02 1.08136490e+03 6.30036630e-01 3.03000000e+02
  6.56075497e+01 0.00000000e+00]
 [4.35000000e+02 1.08177623e+03 6.33699634e-01 3.03000000e+02
  7.44328266e+01 0.00000000e+00]
 [4.36000000e+02 1.08218755e+03 6.37362637e-01 3.03000000e+02
  8.22414054e+01 0.00000000e+00]
 [4.37000000e+02 1.08259888e+03 6.41025641e-01 3.03000000e+02
  8.81051811e+01 0.00000000e+00]
 [4.38000000e+02 1.08301021e+03 6.44688645e-01 3.02000000e+02
  9.23289678e+01 0.00000000e+00]
 [4.39000000e+02 1.08342153e+03 6.48351648e-01 3.02000000e+02
  9.53566406e+01 0.00000000e+00]
 [4.40000000e+02 1.08383286e+03 6.52014652e-01 3.02000000e+02
  9.75285721e+01 0.00000000e+00]
 [4.41000000e+02 1.08424419e+03 6.55677656e-01 3.02000000e+02
  9.90825225e+01 0.00000000e+00]
 [4.42000000e+02 1.08465552e+03 6.59340659e-01 3.02000000e+02
  1.00191444e+02 0.00000000e+00]
 [4.43000000e+02 1.08506684e+03 6.63003663e-01 3.02000000e+02
  1.00972934e+02 0.00000000e+00]
 [4.44000000e+02 1.08547817e+03 6.66666667e-01 3.01000000e+02
  1.01514401e+02 0.00000000e+00]
 [4.45000000e+02 1.08588950e+03 6.70329670e-01 3.01000000e+02
  1.01875177e+02 0.00000000e+00]
 [4.46000000e+02 1.08630082e+03 6.73992674e-01 3.01000000e+02
  1.02100261e+02 0.00000000e+00]
 [4.47000000e+02 1.08671215e+03 6.77655678e-01 3.00000000e+02
  1.02214432e+02 0.00000000e+00]
 [4.48000000e+02 1.08712348e+03 6.81318681e-01 3.00000000e+02
  1.02233045e+02 0.00000000e+00]
 [4.49000000e+02 1.08753480e+03 6.84981685e-01 2.99000000e+02
  1.02163357e+02 0.00000000e+00]
 [4.50000000e+02 1.08794613e+03 6.88644689e-01 2.99000000e+02
  1.02001479e+02 0.00000000e+00]
 [4.51000000e+02 1.08835746e+03 6.92307692e-01 2.99000000e+02
  1.01735797e+02 0.00000000e+00]
 [4.52000000e+02 1.08876879e+03 6.95970696e-01 2.98000000e+02
  1.01342235e+02 0.00000000e+00]
 [4.53000000e+02 1.08918011e+03 6.99633700e-01 2.98000000e+02
  1.00781067e+02 0.00000000e+00]
 [4.54000000e+02 1.08959144e+03 7.03296703e-01 2.97000000e+02
  9.99965415e+01 0.00000000e+00]
 [4.55000000e+02 1.09000277e+03 7.06959707e-01 2.97000000e+02
  9.89258612e+01 0.00000000e+00]
 [4.56000000e+02 1.09041409e+03 7.10622711e-01 2.97000000e+02
  9.75196954e+01 0.00000000e+00]
 [4.57000000e+02 1.09082542e+03 7.14285714e-01 2.97000000e+02
  9.57233766e+01 0.00000000e+00]
 [4.58000000e+02 1.09123675e+03 7.17948718e-01 2.97000000e+02
  9.34944779e+01 0.00000000e+00]
 [4.59000000e+02 1.09164807e+03 7.21611722e-01 2.97000000e+02
  9.08151495e+01 0.00000000e+00]
 [4.60000000e+02 1.09205940e+03 7.25274725e-01 2.97000000e+02
  8.76956740e+01 0.00000000e+00]
 [4.61000000e+02 1.09247073e+03 7.28937729e-01 2.97000000e+02
  8.41706633e+01 0.00000000e+00]]
********9******
band_temp[band_num]=[time_index,percent of the ELM, Frequency, width, band_type]
***************
***************
***************
***************
[[4.01000000e+02 1.06779111e+03 5.09157509e-01 4.57000000e+02
  3.48695980e+01 2.00000000e+00]
 [4.02000000e+02 1.06820244e+03 5.12820513e-01 4.57000000e+02
  3.50752374e+01 0.00000000e+00]
 [4.03000000e+02 1.06861376e+03 5.16483516e-01 4.57000000e+02
  3.52802350e+01 0.00000000e+00]
 [4.04000000e+02 1.06902509e+03 5.20146520e-01 4.57000000e+02
  3.54888307e+01 0.00000000e+00]
 [4.05000000e+02 1.06943642e+03 5.23809524e-01 4.57000000e+02
  3.56773400e+01 0.00000000e+00]
 [4.06000000e+02 1.06984775e+03 5.27472527e-01 4.57000000e+02
  3.58380178e+01 0.00000000e+00]
 [4.07000000e+02 1.07025907e+03 5.31135531e-01 4.57000000e+02
  3.59890078e+01 0.00000000e+00]
 [4.08000000e+02 1.07067040e+03 5.34798535e-01 4.57000000e+02
  3.61102529e+01 0.00000000e+00]
 [4.09000000e+02 1.07108173e+03 5.38461538e-01 4.57000000e+02
  3.62215191e+01 0.00000000e+00]
 [4.10000000e+02 1.07149305e+03 5.42124542e-01 4.57000000e+02
  3.63130727e+01 0.00000000e+00]
 [4.11000000e+02 1.07190438e+03 5.45787546e-01 4.57000000e+02
  3.63858300e+01 0.00000000e+00]
 [4.12000000e+02 1.07231571e+03 5.49450549e-01 4.57000000e+02
  3.64584024e+01 0.00000000e+00]
 [4.13000000e+02 1.07272703e+03 5.53113553e-01 4.57000000e+02
  3.65185636e+01 0.00000000e+00]
 [4.14000000e+02 1.07313836e+03 5.56776557e-01 4.57000000e+02
  3.65690376e+01 0.00000000e+00]
 [4.15000000e+02 1.07354969e+03 5.60439560e-01 4.57000000e+02
  3.66112738e+01 0.00000000e+00]
 [4.16000000e+02 1.07396101e+03 5.64102564e-01 4.57000000e+02
  3.66546564e+01 0.00000000e+00]
 [4.17000000e+02 1.07437234e+03 5.67765568e-01 4.57000000e+02
  3.66938562e+01 0.00000000e+00]
 [4.18000000e+02 1.07478367e+03 5.71428571e-01 4.57000000e+02
  3.67281982e+01 0.00000000e+00]
 [4.19000000e+02 1.07519500e+03 5.75091575e-01 4.57000000e+02
  3.67593338e+01 0.00000000e+00]
 [4.20000000e+02 1.07560632e+03 5.78754579e-01 4.57000000e+02
  3.67888601e+01 0.00000000e+00]
 [4.21000000e+02 1.07601765e+03 5.82417582e-01 4.57000000e+02
  3.68177207e+01 0.00000000e+00]
 [4.22000000e+02 1.07642898e+03 5.86080586e-01 4.57000000e+02
  3.68474827e+01 0.00000000e+00]
 [4.23000000e+02 1.07684030e+03 5.89743590e-01 4.57000000e+02
  3.68796927e+01 0.00000000e+00]
 [4.24000000e+02 1.07725163e+03 5.93406593e-01 4.57000000e+02
  3.69145404e+01 0.00000000e+00]
 [4.25000000e+02 1.07766296e+03 5.97069597e-01 4.57000000e+02
  3.69531391e+01 0.00000000e+00]
 [4.26000000e+02 1.07807428e+03 6.00732601e-01 4.57000000e+02
  3.69926574e+01 0.00000000e+00]
 [4.27000000e+02 1.07848561e+03 6.04395604e-01 4.57000000e+02
  3.70314683e+01 0.00000000e+00]
 [4.28000000e+02 1.07889694e+03 6.08058608e-01 4.57000000e+02
  3.70656652e+01 0.00000000e+00]
 [4.29000000e+02 1.07930827e+03 6.11721612e-01 4.57000000e+02
  3.70873222e+01 0.00000000e+00]
 [4.30000000e+02 1.07971959e+03 6.15384615e-01 4.57000000e+02
  3.70870176e+01 0.00000000e+00]
 [4.31000000e+02 1.08013092e+03 6.19047619e-01 4.57000000e+02
  3.70618707e+01 0.00000000e+00]
 [4.32000000e+02 1.08054225e+03 6.22710623e-01 4.57000000e+02
  3.70088585e+01 0.00000000e+00]
 [4.33000000e+02 1.08095357e+03 6.26373626e-01 4.57000000e+02
  3.69396788e+01 0.00000000e+00]
 [4.34000000e+02 1.08136490e+03 6.30036630e-01 4.57000000e+02
  3.68469486e+01 0.00000000e+00]
 [4.35000000e+02 1.08177623e+03 6.33699634e-01 4.57000000e+02
  3.67306253e+01 0.00000000e+00]
 [4.36000000e+02 1.08218755e+03 6.37362637e-01 4.57000000e+02
  3.66087238e+01 0.00000000e+00]
 [4.37000000e+02 1.08259888e+03 6.41025641e-01 4.57000000e+02
  3.64673310e+01 0.00000000e+00]
 [4.38000000e+02 1.08301021e+03 6.44688645e-01 4.57000000e+02
  3.63088861e+01 0.00000000e+00]
 [4.39000000e+02 1.08342153e+03 6.48351648e-01 4.57000000e+02
  3.61448581e+01 0.00000000e+00]
 [4.40000000e+02 1.08383286e+03 6.52014652e-01 4.57000000e+02
  3.59618673e+01 0.00000000e+00]
 [4.41000000e+02 1.08424419e+03 6.55677656e-01 4.57000000e+02
  3.57617505e+01 0.00000000e+00]
 [4.42000000e+02 1.08465552e+03 6.59340659e-01 4.57000000e+02
  3.55553218e+01 0.00000000e+00]
 [4.43000000e+02 1.08506684e+03 6.63003663e-01 4.57000000e+02
  3.53250870e+01 0.00000000e+00]
 [4.44000000e+02 1.08547817e+03 6.66666667e-01 4.57000000e+02
  3.50752702e+01 0.00000000e+00]
 [4.45000000e+02 1.08588950e+03 6.70329670e-01 4.58000000e+02
  3.48081259e+01 0.00000000e+00]
 [4.46000000e+02 1.08630082e+03 6.73992674e-01 4.58000000e+02
  3.45061208e+01 0.00000000e+00]
 [4.47000000e+02 1.08671215e+03 6.77655678e-01 4.58000000e+02
  3.41796927e+01 0.00000000e+00]
 [4.48000000e+02 1.08712348e+03 6.81318681e-01 4.58000000e+02
  3.38203251e+01 0.00000000e+00]
 [4.49000000e+02 1.08753480e+03 6.84981685e-01 4.58000000e+02
  3.34110336e+01 0.00000000e+00]
 [4.50000000e+02 1.08794613e+03 6.88644689e-01 4.58000000e+02
  3.29724554e+01 0.00000000e+00]
 [4.51000000e+02 1.08835746e+03 6.92307692e-01 4.58000000e+02
  3.24717950e+01 0.00000000e+00]
 [4.52000000e+02 1.08876879e+03 6.95970696e-01 4.58000000e+02
  3.19132548e+01 0.00000000e+00]
 [4.53000000e+02 1.08918011e+03 6.99633700e-01 4.59000000e+02
  3.12842025e+01 0.00000000e+00]
 [4.54000000e+02 1.08959144e+03 7.03296703e-01 4.59000000e+02
  3.05466914e+01 0.00000000e+00]]
********10******
band_temp[band_num]=[time_index,percent of the ELM, Frequency, width, band_type]
***************
***************
***************
***************
[[4.09000000e+02 1.07108173e+03 5.38461538e-01 2.00000000e+01
  1.87380282e+01 2.00000000e+00]
 [4.10000000e+02 1.07149305e+03 5.42124542e-01 2.00000000e+01
  1.88323377e+01 0.00000000e+00]
 [4.11000000e+02 1.07190438e+03 5.45787546e-01 2.00000000e+01
  1.88994360e+01 0.00000000e+00]
 [4.12000000e+02 1.07231571e+03 5.49450549e-01 2.00000000e+01
  1.89457766e+01 0.00000000e+00]
 [4.13000000e+02 1.07272703e+03 5.53113553e-01 2.00000000e+01
  1.89768205e+01 0.00000000e+00]
 [4.14000000e+02 1.07313836e+03 5.56776557e-01 2.00000000e+01
  1.89968491e+01 0.00000000e+00]
 [4.15000000e+02 1.07354969e+03 5.60439560e-01 2.00000000e+01
  1.90090622e+01 0.00000000e+00]
 [4.16000000e+02 1.07396101e+03 5.64102564e-01 2.00000000e+01
  1.90157786e+01 0.00000000e+00]
 [4.17000000e+02 1.07437234e+03 5.67765568e-01 2.00000000e+01
  1.90186446e+01 0.00000000e+00]
 [4.18000000e+02 1.07478367e+03 5.71428571e-01 2.00000000e+01
  1.90188131e+01 0.00000000e+00]
 [4.19000000e+02 1.07519500e+03 5.75091575e-01 2.00000000e+01
  1.90170841e+01 0.00000000e+00]
 [4.20000000e+02 1.07560632e+03 5.78754579e-01 2.00000000e+01
  1.90140093e+01 0.00000000e+00]
 [4.21000000e+02 1.07601765e+03 5.82417582e-01 2.00000000e+01
  1.90099680e+01 0.00000000e+00]
 [4.22000000e+02 1.07642898e+03 5.86080586e-01 2.00000000e+01
  1.90052202e+01 0.00000000e+00]
 [4.23000000e+02 1.07684030e+03 5.89743590e-01 2.00000000e+01
  1.89999444e+01 0.00000000e+00]
 [4.24000000e+02 1.07725163e+03 5.93406593e-01 2.00000000e+01
  1.89942633e+01 0.00000000e+00]
 [4.25000000e+02 1.07766296e+03 5.97069597e-01 2.00000000e+01
  1.89882618e+01 0.00000000e+00]
 [4.26000000e+02 1.07807428e+03 6.00732601e-01 2.00000000e+01
  1.89819989e+01 0.00000000e+00]
 [4.27000000e+02 1.07848561e+03 6.04395604e-01 2.00000000e+01
  1.89755164e+01 0.00000000e+00]
 [4.28000000e+02 1.07889694e+03 6.08058608e-01 2.00000000e+01
  1.89688445e+01 0.00000000e+00]
 [4.29000000e+02 1.07930827e+03 6.11721612e-01 2.00000000e+01
  1.89620654e+01 0.00000000e+00]
 [4.30000000e+02 1.07971959e+03 6.15384615e-01 2.00000000e+01
  1.89551147e+01 0.00000000e+00]
 [4.31000000e+02 1.08013092e+03 6.19047619e-01 2.00000000e+01
  1.89479558e+01 0.00000000e+00]
 [4.32000000e+02 1.08054225e+03 6.22710623e-01 2.00000000e+01
  1.89408268e+01 0.00000000e+00]
 [4.33000000e+02 1.08095357e+03 6.26373626e-01 2.00000000e+01
  1.89336740e+01 0.00000000e+00]
 [4.34000000e+02 1.08136490e+03 6.30036630e-01 2.00000000e+01
  1.89265539e+01 0.00000000e+00]
 [4.35000000e+02 1.08177623e+03 6.33699634e-01 2.00000000e+01
  1.89194817e+01 0.00000000e+00]
 [4.36000000e+02 1.08218755e+03 6.37362637e-01 2.00000000e+01
  1.89125067e+01 0.00000000e+00]
 [4.37000000e+02 1.08259888e+03 6.41025641e-01 2.00000000e+01
  1.89058337e+01 0.00000000e+00]
 [4.38000000e+02 1.08301021e+03 6.44688645e-01 2.00000000e+01
  1.88996810e+01 0.00000000e+00]
 [4.39000000e+02 1.08342153e+03 6.48351648e-01 2.00000000e+01
  1.88943826e+01 0.00000000e+00]
 [4.40000000e+02 1.08383286e+03 6.52014652e-01 2.00000000e+01
  1.88904515e+01 0.00000000e+00]
 [4.41000000e+02 1.08424419e+03 6.55677656e-01 2.00000000e+01
  1.88886767e+01 0.00000000e+00]
 [4.42000000e+02 1.08465552e+03 6.59340659e-01 2.00000000e+01
  1.88902723e+01 0.00000000e+00]
 [4.43000000e+02 1.08506684e+03 6.63003663e-01 2.00000000e+01
  1.88975495e+01 0.00000000e+00]
 [4.44000000e+02 1.08547817e+03 6.66666667e-01 2.00000000e+01
  1.89134321e+01 0.00000000e+00]]
********11******
band_temp[band_num]=[time_index,percent of the ELM, Frequency, width, band_type]
***************
***************
***************
***************
[[4.19000000e+02 1.07519500e+03 5.75091575e-01 1.02500000e+03
  5.29339813e+01 2.00000000e+00]
 [4.20000000e+02 1.07560632e+03 5.78754579e-01 1.02500000e+03
  5.29837438e+01 0.00000000e+00]
 [4.21000000e+02 1.07601765e+03 5.82417582e-01 1.02500000e+03
  5.30356388e+01 0.00000000e+00]
 [4.22000000e+02 1.07642898e+03 5.86080586e-01 1.02500000e+03
  5.30906359e+01 0.00000000e+00]
 [4.23000000e+02 1.07684030e+03 5.89743590e-01 1.02500000e+03
  5.31515043e+01 0.00000000e+00]
 [4.24000000e+02 1.07725163e+03 5.93406593e-01 1.02500000e+03
  5.32173769e+01 0.00000000e+00]
 [4.25000000e+02 1.07766296e+03 5.97069597e-01 1.02500000e+03
  5.32883671e+01 0.00000000e+00]
 [4.26000000e+02 1.07807428e+03 6.00732601e-01 1.02600000e+03
  5.33620128e+01 0.00000000e+00]
 [4.27000000e+02 1.07848561e+03 6.04395604e-01 1.02600000e+03
  5.34404820e+01 0.00000000e+00]
 [4.28000000e+02 1.07889694e+03 6.08058608e-01 1.02600000e+03
  5.35273639e+01 0.00000000e+00]
 [4.29000000e+02 1.07930827e+03 6.11721612e-01 1.02600000e+03
  5.36245320e+01 0.00000000e+00]
 [4.30000000e+02 1.07971959e+03 6.15384615e-01 1.02600000e+03
  5.37350258e+01 0.00000000e+00]
 [4.31000000e+02 1.08013092e+03 6.19047619e-01 1.02600000e+03
  5.38586433e+01 0.00000000e+00]
 [4.32000000e+02 1.08054225e+03 6.22710623e-01 1.02600000e+03
  5.39968541e+01 0.00000000e+00]
 [4.33000000e+02 1.08095357e+03 6.26373626e-01 1.02700000e+03
  5.41472108e+01 0.00000000e+00]
 [4.34000000e+02 1.08136490e+03 6.30036630e-01 1.02700000e+03
  5.43161015e+01 0.00000000e+00]
 [4.35000000e+02 1.08177623e+03 6.33699634e-01 1.02700000e+03
  5.45084858e+01 0.00000000e+00]
 [4.36000000e+02 1.08218755e+03 6.37362637e-01 1.02700000e+03
  5.47276528e+01 0.00000000e+00]
 [4.37000000e+02 1.08259888e+03 6.41025641e-01 1.02700000e+03
  5.49834407e+01 0.00000000e+00]
 [4.38000000e+02 1.08301021e+03 6.44688645e-01 1.02800000e+03
  5.52642133e+01 0.00000000e+00]
 [4.39000000e+02 1.08342153e+03 6.48351648e-01 1.02800000e+03
  5.55886365e+01 0.00000000e+00]
 [4.40000000e+02 1.08383286e+03 6.52014652e-01 1.02800000e+03
  5.59618942e+01 0.00000000e+00]
 [4.41000000e+02 1.08424419e+03 6.55677656e-01 1.02900000e+03
  5.63994646e+01 0.00000000e+00]
 [4.42000000e+02 1.08465552e+03 6.59340659e-01 1.02900000e+03
  5.68948610e+01 0.00000000e+00]
 [4.43000000e+02 1.08506684e+03 6.63003663e-01 1.02900000e+03
  5.74795462e+01 0.00000000e+00]
 [4.44000000e+02 1.08547817e+03 6.66666667e-01 1.03000000e+03
  5.81615243e+01 0.00000000e+00]
 [4.45000000e+02 1.08588950e+03 6.70329670e-01 1.03000000e+03
  5.89735277e+01 0.00000000e+00]
 [4.46000000e+02 1.08630082e+03 6.73992674e-01 1.03100000e+03
  5.99486481e+01 0.00000000e+00]
 [4.47000000e+02 1.08671215e+03 6.77655678e-01 1.03100000e+03
  6.11268193e+01 0.00000000e+00]
 [4.48000000e+02 1.08712348e+03 6.81318681e-01 1.03200000e+03
  6.25850282e+01 0.00000000e+00]
 [4.49000000e+02 1.08753480e+03 6.84981685e-01 1.03300000e+03
  6.44267827e+01 0.00000000e+00]
 [4.50000000e+02 1.08794613e+03 6.88644689e-01 1.03300000e+03
  6.67894702e+01 0.00000000e+00]
 [4.51000000e+02 1.08835746e+03 6.92307692e-01 1.03400000e+03
  6.97747118e+01 0.00000000e+00]
 [4.52000000e+02 1.08876879e+03 6.95970696e-01 1.03500000e+03
  7.32568645e+01 0.00000000e+00]
 [4.53000000e+02 1.08918011e+03 6.99633700e-01 1.03600000e+03
  7.66875721e+01 0.00000000e+00]
 [4.54000000e+02 1.08959144e+03 7.03296703e-01 1.03700000e+03
  7.96233399e+01 0.00000000e+00]
 [4.55000000e+02 1.09000277e+03 7.06959707e-01 1.03900000e+03
  8.20178121e+01 0.00000000e+00]
 [4.56000000e+02 1.09041409e+03 7.10622711e-01 1.04000000e+03
  8.39665646e+01 0.00000000e+00]
 [4.57000000e+02 1.09082542e+03 7.14285714e-01 1.04100000e+03
  8.55911112e+01 0.00000000e+00]
 [4.58000000e+02 1.09123675e+03 7.17948718e-01 1.04300000e+03
  8.69591817e+01 0.00000000e+00]
 [4.59000000e+02 1.09164807e+03 7.21611722e-01 1.04500000e+03
  8.81479054e+01 0.00000000e+00]
 [4.60000000e+02 1.09205940e+03 7.25274725e-01 1.04600000e+03
  8.92061070e+01 0.00000000e+00]
 [4.61000000e+02 1.09247073e+03 7.28937729e-01 1.04800000e+03
  9.01762372e+01 0.00000000e+00]
 [4.62000000e+02 1.09288206e+03 7.32600733e-01 1.05100000e+03
  9.10968562e+01 0.00000000e+00]
 [4.63000000e+02 1.09329338e+03 7.36263736e-01 1.05300000e+03
  9.19972546e+01 0.00000000e+00]
 [4.64000000e+02 1.09370471e+03 7.39926740e-01 1.05700000e+03
  9.28716100e+01 0.00000000e+00]
 [4.65000000e+02 1.09411604e+03 7.43589744e-01 1.06600000e+03
  9.36103441e+01 0.00000000e+00]
 [4.66000000e+02 1.09452736e+03 7.47252747e-01 1.07500000e+03
  9.37308800e+01 0.00000000e+00]
 [4.67000000e+02 1.09493869e+03 7.50915751e-01 1.07900000e+03
  9.36359311e+01 0.00000000e+00]
 [4.68000000e+02 1.09535002e+03 7.54578755e-01 1.08200000e+03
  9.33761637e+01 0.00000000e+00]
 [4.69000000e+02 1.09576134e+03 7.58241758e-01 1.08500000e+03
  9.29201191e+01 0.00000000e+00]
 [4.70000000e+02 1.09617267e+03 7.61904762e-01 1.08700000e+03
  9.22103860e+01 0.00000000e+00]
 [4.71000000e+02 1.09658400e+03 7.65567766e-01 1.08900000e+03
  9.12097932e+01 0.00000000e+00]
 [4.72000000e+02 1.09699532e+03 7.69230769e-01 1.09100000e+03
  8.98445898e+01 0.00000000e+00]
 [4.73000000e+02 1.09740665e+03 7.72893773e-01 1.09300000e+03
  8.80068899e+01 0.00000000e+00]
 [4.74000000e+02 1.09781798e+03 7.76556777e-01 1.09500000e+03
  8.55110149e+01 0.00000000e+00]
 [4.75000000e+02 1.09822931e+03 7.80219780e-01 1.09600000e+03
  8.19331864e+01 0.00000000e+00]
 [4.76000000e+02 1.09864063e+03 7.83882784e-01 1.09700000e+03
  7.65051476e+01 0.00000000e+00]
 [4.77000000e+02 1.09905196e+03 7.87545788e-01 1.09800000e+03
  6.90220975e+01 0.00000000e+00]
 [4.78000000e+02 1.09946329e+03 7.91208791e-01 1.09900000e+03
  6.24938426e+01 0.00000000e+00]
 [4.79000000e+02 1.09987461e+03 7.94871795e-01 1.09900000e+03
  5.82356605e+01 0.00000000e+00]
 [4.80000000e+02 1.10028594e+03 7.98534799e-01 1.10000000e+03
  5.53523621e+01 0.00000000e+00]
 [4.81000000e+02 1.10069727e+03 8.02197802e-01 1.10000000e+03
  5.33073083e+01 0.00000000e+00]
 [4.82000000e+02 1.10110859e+03 8.05860806e-01 1.10100000e+03
  5.17682459e+01 0.00000000e+00]
 [4.83000000e+02 1.10151992e+03 8.09523810e-01 1.10100000e+03
  5.06119688e+01 0.00000000e+00]
 [4.84000000e+02 1.10193125e+03 8.13186813e-01 1.10100000e+03
  4.97442078e+01 0.00000000e+00]
 [4.85000000e+02 1.10234258e+03 8.16849817e-01 1.10100000e+03
  4.91196732e+01 0.00000000e+00]]
********12******
band_temp[band_num]=[time_index,percent of the ELM, Frequency, width, band_type]
***************
***************
***************
***************
[[4.60000000e+02 1.09205940e+03 7.25274725e-01 1.22000000e+02
  3.63242400e+01 2.00000000e+00]
 [4.61000000e+02 1.09247073e+03 7.28937729e-01 1.22000000e+02
  3.63403177e+01 0.00000000e+00]
 [4.62000000e+02 1.09288206e+03 7.32600733e-01 1.22000000e+02
  3.63584902e+01 0.00000000e+00]
 [4.63000000e+02 1.09329338e+03 7.36263736e-01 1.22000000e+02
  3.63795369e+01 0.00000000e+00]
 [4.64000000e+02 1.09370471e+03 7.39926740e-01 1.22000000e+02
  3.64046033e+01 0.00000000e+00]
 [4.65000000e+02 1.09411604e+03 7.43589744e-01 1.22000000e+02
  3.64350527e+01 0.00000000e+00]
 [4.66000000e+02 1.09452736e+03 7.47252747e-01 1.22000000e+02
  3.64724021e+01 0.00000000e+00]
 [4.67000000e+02 1.09493869e+03 7.50915751e-01 1.22000000e+02
  3.65188806e+01 0.00000000e+00]
 [4.68000000e+02 1.09535002e+03 7.54578755e-01 1.22000000e+02
  3.65771869e+01 0.00000000e+00]
 [4.69000000e+02 1.09576134e+03 7.58241758e-01 1.22000000e+02
  3.66509430e+01 0.00000000e+00]
 [4.70000000e+02 1.09617267e+03 7.61904762e-01 1.22000000e+02
  3.67447833e+01 0.00000000e+00]
 [4.71000000e+02 1.09658400e+03 7.65567766e-01 1.22000000e+02
  3.68657104e+01 0.00000000e+00]
 [4.72000000e+02 1.09699532e+03 7.69230769e-01 1.22000000e+02
  3.70246023e+01 0.00000000e+00]
 [4.73000000e+02 1.09740665e+03 7.72893773e-01 1.22000000e+02
  3.72310129e+01 0.00000000e+00]
 [4.74000000e+02 1.09781798e+03 7.76556777e-01 1.23000000e+02
  3.74979399e+01 0.00000000e+00]
 [4.75000000e+02 1.09822931e+03 7.80219780e-01 1.23000000e+02
  3.78506521e+01 0.00000000e+00]
 [4.76000000e+02 1.09864063e+03 7.83882784e-01 1.23000000e+02
  3.83409109e+01 0.00000000e+00]
 [4.77000000e+02 1.09905196e+03 7.87545788e-01 1.23000000e+02
  3.90326702e+01 0.00000000e+00]
 [4.78000000e+02 1.09946329e+03 7.91208791e-01 1.23000000e+02
  4.00688732e+01 0.00000000e+00]
 [4.79000000e+02 1.09987461e+03 7.94871795e-01 1.23000000e+02
  4.17741000e+01 0.00000000e+00]
 [4.80000000e+02 1.10028594e+03 7.98534799e-01 1.23000000e+02
  4.53751289e+01 0.00000000e+00]
 [4.81000000e+02 1.10069727e+03 8.02197802e-01 1.24000000e+02
  7.08172020e+01 0.00000000e+00]
 [4.82000000e+02 1.10110859e+03 8.05860806e-01 1.24000000e+02
  8.00318464e+01 0.00000000e+00]
 [4.83000000e+02 1.10151992e+03 8.09523810e-01 1.25000000e+02
  8.50427156e+01 0.00000000e+00]]
********13******
band_temp[band_num]=[time_index,percent of the ELM, Frequency, width, band_type]
***************
***************
***************
***************
[[4.65000000e+02 1.09411604e+03 7.43589744e-01 3.96000000e+02
  3.12377284e+01 2.00000000e+00]
 [4.66000000e+02 1.09452736e+03 7.47252747e-01 3.96000000e+02
  3.35165902e+01 0.00000000e+00]
 [4.67000000e+02 1.09493869e+03 7.50915751e-01 3.96000000e+02
  3.55477187e+01 0.00000000e+00]
 [4.68000000e+02 1.09535002e+03 7.54578755e-01 3.95000000e+02
  3.73640928e+01 0.00000000e+00]
 [4.69000000e+02 1.09576134e+03 7.58241758e-01 3.95000000e+02
  3.89214640e+01 0.00000000e+00]
 [4.70000000e+02 1.09617267e+03 7.61904762e-01 3.95000000e+02
  4.02762869e+01 0.00000000e+00]
 [4.71000000e+02 1.09658400e+03 7.65567766e-01 3.95000000e+02
  4.14333451e+01 0.00000000e+00]
 [4.72000000e+02 1.09699532e+03 7.69230769e-01 3.95000000e+02
  4.24055167e+01 0.00000000e+00]
 [4.73000000e+02 1.09740665e+03 7.72893773e-01 3.95000000e+02
  4.32355887e+01 0.00000000e+00]
 [4.74000000e+02 1.09781798e+03 7.76556777e-01 3.95000000e+02
  4.39125872e+01 0.00000000e+00]
 [4.75000000e+02 1.09822931e+03 7.80219780e-01 3.95000000e+02
  4.44759596e+01 0.00000000e+00]
 [4.76000000e+02 1.09864063e+03 7.83882784e-01 3.95000000e+02
  4.49264944e+01 0.00000000e+00]
 [4.77000000e+02 1.09905196e+03 7.87545788e-01 3.95000000e+02
  4.53076092e+01 0.00000000e+00]
 [4.78000000e+02 1.09946329e+03 7.91208791e-01 3.95000000e+02
  4.56134342e+01 0.00000000e+00]
 [4.79000000e+02 1.09987461e+03 7.94871795e-01 3.95000000e+02
  4.58581616e+01 0.00000000e+00]
 [4.80000000e+02 1.10028594e+03 7.98534799e-01 3.95000000e+02
  4.60645908e+01 0.00000000e+00]
 [4.81000000e+02 1.10069727e+03 8.02197802e-01 3.94000000e+02
  4.62486887e+01 0.00000000e+00]
 [4.82000000e+02 1.10110859e+03 8.05860806e-01 3.94000000e+02
  4.64266823e+01 0.00000000e+00]
 [4.83000000e+02 1.10151992e+03 8.09523810e-01 3.94000000e+02
  4.66295016e+01 0.00000000e+00]
 [4.84000000e+02 1.10193125e+03 8.13186813e-01 3.94000000e+02
  4.69225931e+01 0.00000000e+00]
 [4.85000000e+02 1.10234258e+03 8.16849817e-01 3.94000000e+02
  4.73331209e+01 0.00000000e+00]
 [4.86000000e+02 1.10275390e+03 8.20512821e-01 3.93000000e+02
  4.79921145e+01 0.00000000e+00]
 [4.87000000e+02 1.10316523e+03 8.24175824e-01 3.93000000e+02
  4.90865006e+01 0.00000000e+00]
 [4.88000000e+02 1.10357656e+03 8.27838828e-01 3.93000000e+02
  5.11551959e+01 0.00000000e+00]
 [4.89000000e+02 1.10398788e+03 8.31501832e-01 3.92000000e+02
  5.61334146e+01 0.00000000e+00]
 [4.90000000e+02 1.10439921e+03 8.35164835e-01 3.91000000e+02
  7.07305176e+01 0.00000000e+00]
 [4.91000000e+02 1.10481054e+03 8.38827839e-01 3.89000000e+02
  7.87762104e+01 0.00000000e+00]]
********14******
band_temp[band_num]=[time_index,percent of the ELM, Frequency, width, band_type]
***************
***************
***************
***************
[[4.72000000e+02 1.09699532e+03 7.69230769e-01 1.24900000e+03
  4.42865049e+01 2.00000000e+00]
 [4.73000000e+02 1.09740665e+03 7.72893773e-01 1.24900000e+03
  4.42957975e+01 0.00000000e+00]
 [4.74000000e+02 1.09781798e+03 7.76556777e-01 1.24900000e+03
  4.43075324e+01 0.00000000e+00]
 [4.75000000e+02 1.09822931e+03 7.80219780e-01 1.24900000e+03
  4.43224336e+01 0.00000000e+00]
 [4.76000000e+02 1.09864063e+03 7.83882784e-01 1.24900000e+03
  4.43411404e+01 0.00000000e+00]
 [4.77000000e+02 1.09905196e+03 7.87545788e-01 1.24900000e+03
  4.43700350e+01 0.00000000e+00]
 [4.78000000e+02 1.09946329e+03 7.91208791e-01 1.24900000e+03
  4.44076227e+01 0.00000000e+00]
 [4.79000000e+02 1.09987461e+03 7.94871795e-01 1.24900000e+03
  4.44568094e+01 0.00000000e+00]
 [4.80000000e+02 1.10028594e+03 7.98534799e-01 1.24900000e+03
  4.45219698e+01 0.00000000e+00]
 [4.81000000e+02 1.10069727e+03 8.02197802e-01 1.24900000e+03
  4.46044032e+01 0.00000000e+00]
 [4.82000000e+02 1.10110859e+03 8.05860806e-01 1.24900000e+03
  4.47217729e+01 0.00000000e+00]
 [4.83000000e+02 1.10151992e+03 8.09523810e-01 1.24900000e+03
  4.48815625e+01 0.00000000e+00]
 [4.84000000e+02 1.10193125e+03 8.13186813e-01 1.24900000e+03
  4.51027287e+01 0.00000000e+00]
 [4.85000000e+02 1.10234258e+03 8.16849817e-01 1.24900000e+03
  4.54124707e+01 0.00000000e+00]
 [4.86000000e+02 1.10275390e+03 8.20512821e-01 1.24900000e+03
  4.58734952e+01 0.00000000e+00]
 [4.87000000e+02 1.10316523e+03 8.24175824e-01 1.24900000e+03
  4.65726660e+01 0.00000000e+00]
 [4.88000000e+02 1.10357656e+03 8.27838828e-01 1.24900000e+03
  4.77370519e+01 0.00000000e+00]
 [4.89000000e+02 1.10398788e+03 8.31501832e-01 1.25000000e+03
  5.01105399e+01 0.00000000e+00]]
********15******
band_temp[band_num]=[time_index,percent of the ELM, Frequency, width, band_type]
***************
***************
***************
***************
[[4.84000000e+02 1.10193125e+03 8.13186813e-01 2.60000000e+01
  2.54204276e+01 2.00000000e+00]
 [4.85000000e+02 1.10234258e+03 8.16849817e-01 2.60000000e+01
  2.54574486e+01 0.00000000e+00]
 [4.86000000e+02 1.10275390e+03 8.20512821e-01 2.60000000e+01
  2.54933496e+01 0.00000000e+00]
 [4.87000000e+02 1.10316523e+03 8.24175824e-01 2.60000000e+01
  2.55279879e+01 0.00000000e+00]
 [4.88000000e+02 1.10357656e+03 8.27838828e-01 2.60000000e+01
  2.55612466e+01 0.00000000e+00]
 [4.89000000e+02 1.10398788e+03 8.31501832e-01 2.60000000e+01
  2.55930347e+01 0.00000000e+00]]
********16******
band_temp[band_num]=[time_index,percent of the ELM, Frequency, width, band_type]
***************
***************
***************
***************
[[4.84000000e+02 1.10193125e+03 8.13186813e-01 1.66000000e+02
  8.74044312e+01 2.00000000e+00]
 [4.85000000e+02 1.10234258e+03 8.16849817e-01 1.67000000e+02
  8.36575514e+01 0.00000000e+00]
 [4.86000000e+02 1.10275390e+03 8.20512821e-01 1.67000000e+02
  7.85925175e+01 0.00000000e+00]
 [4.87000000e+02 1.10316523e+03 8.24175824e-01 1.67000000e+02
  7.03564772e+01 0.00000000e+00]
 [4.88000000e+02 1.10357656e+03 8.27838828e-01 1.67000000e+02
  6.10059288e+01 0.00000000e+00]
 [4.89000000e+02 1.10398788e+03 8.31501832e-01 1.68000000e+02
  5.71834796e+01 0.00000000e+00]
 [4.90000000e+02 1.10439921e+03 8.35164835e-01 1.68000000e+02
  5.52773380e+01 0.00000000e+00]
 [4.91000000e+02 1.10481054e+03 8.38827839e-01 1.68000000e+02
  5.41220759e+01 0.00000000e+00]
 [4.92000000e+02 1.10522186e+03 8.42490842e-01 1.68000000e+02
  5.33489158e+01 0.00000000e+00]
 [4.93000000e+02 1.10563319e+03 8.46153846e-01 1.68000000e+02
  5.28084723e+01 0.00000000e+00]
 [4.94000000e+02 1.10604452e+03 8.49816850e-01 1.68000000e+02
  5.24129033e+01 0.00000000e+00]
 [4.95000000e+02 1.10645584e+03 8.53479853e-01 1.68000000e+02
  5.21159147e+01 0.00000000e+00]
 [4.96000000e+02 1.10686717e+03 8.57142857e-01 1.68000000e+02
  5.18914722e+01 0.00000000e+00]
 [4.97000000e+02 1.10727850e+03 8.60805861e-01 1.68000000e+02
  5.17216997e+01 0.00000000e+00]
 [4.98000000e+02 1.10768983e+03 8.64468864e-01 1.68000000e+02
  5.15934552e+01 0.00000000e+00]
 [4.99000000e+02 1.10810115e+03 8.68131868e-01 1.68000000e+02
  5.14974890e+01 0.00000000e+00]
 [5.00000000e+02 1.10851248e+03 8.71794872e-01 1.68000000e+02
  5.14278127e+01 0.00000000e+00]
 [5.01000000e+02 1.10892381e+03 8.75457875e-01 1.68000000e+02
  5.13790753e+01 0.00000000e+00]
 [5.02000000e+02 1.10933513e+03 8.79120879e-01 1.68000000e+02
  5.13478787e+01 0.00000000e+00]
 [5.03000000e+02 1.10974646e+03 8.82783883e-01 1.68000000e+02
  5.13321871e+01 0.00000000e+00]
 [5.04000000e+02 1.11015779e+03 8.86446886e-01 1.68000000e+02
  5.13294857e+01 0.00000000e+00]
 [5.05000000e+02 1.11056911e+03 8.90109890e-01 1.68000000e+02
  5.13383312e+01 0.00000000e+00]
 [5.06000000e+02 1.11098044e+03 8.93772894e-01 1.68000000e+02
  5.13580585e+01 0.00000000e+00]
 [5.07000000e+02 1.11139177e+03 8.97435897e-01 1.68000000e+02
  5.13874804e+01 0.00000000e+00]
 [5.08000000e+02 1.11180310e+03 9.01098901e-01 1.68000000e+02
  5.14254444e+01 0.00000000e+00]
 [5.09000000e+02 1.11221442e+03 9.04761905e-01 1.68000000e+02
  5.14710626e+01 0.00000000e+00]
 [5.10000000e+02 1.11262575e+03 9.08424908e-01 1.67000000e+02
  5.15220487e+01 0.00000000e+00]
 [5.11000000e+02 1.11303708e+03 9.12087912e-01 1.67000000e+02
  5.15753041e+01 0.00000000e+00]
 [5.12000000e+02 1.11344840e+03 9.15750916e-01 1.67000000e+02
  5.16299415e+01 0.00000000e+00]
 [5.13000000e+02 1.11385973e+03 9.19413919e-01 1.67000000e+02
  5.16846422e+01 0.00000000e+00]
 [5.14000000e+02 1.11427106e+03 9.23076923e-01 1.67000000e+02
  5.17336501e+01 0.00000000e+00]
 [5.15000000e+02 1.11468238e+03 9.26739927e-01 1.67000000e+02
  5.17753989e+01 0.00000000e+00]
 [5.16000000e+02 1.11509371e+03 9.30402930e-01 1.67000000e+02
  5.18008241e+01 0.00000000e+00]
 [5.17000000e+02 1.11550504e+03 9.34065934e-01 1.67000000e+02
  5.18021339e+01 0.00000000e+00]
 [5.18000000e+02 1.11591636e+03 9.37728938e-01 1.67000000e+02
  5.17696040e+01 0.00000000e+00]
 [5.19000000e+02 1.11632769e+03 9.41391941e-01 1.67000000e+02
  5.16897285e+01 0.00000000e+00]
 [5.20000000e+02 1.11673902e+03 9.45054945e-01 1.67000000e+02
  5.15479063e+01 0.00000000e+00]
 [5.21000000e+02 1.11715035e+03 9.48717949e-01 1.67000000e+02
  5.13191126e+01 0.00000000e+00]
 [5.22000000e+02 1.11756167e+03 9.52380952e-01 1.67000000e+02
  5.09714602e+01 0.00000000e+00]
 [5.23000000e+02 1.11797300e+03 9.56043956e-01 1.67000000e+02
  5.04780399e+01 0.00000000e+00]
 [5.24000000e+02 1.11838433e+03 9.59706960e-01 1.67000000e+02
  4.98303885e+01 0.00000000e+00]
 [5.25000000e+02 1.11879565e+03 9.63369963e-01 1.67000000e+02
  4.94015463e+01 0.00000000e+00]]
********17******
band_temp[band_num]=[time_index,percent of the ELM, Frequency, width, band_type]
***************
***************
***************
***************
[[4.86000000e+02 1.10275390e+03 8.20512821e-01 1.00600000e+03
  6.67091971e+01 2.00000000e+00]
 [4.87000000e+02 1.10316523e+03 8.24175824e-01 1.00600000e+03
  6.62280358e+01 0.00000000e+00]
 [4.88000000e+02 1.10357656e+03 8.27838828e-01 1.00700000e+03
  6.61908324e+01 0.00000000e+00]
 [4.89000000e+02 1.10398788e+03 8.31501832e-01 1.00700000e+03
  6.64958023e+01 0.00000000e+00]
 [4.90000000e+02 1.10439921e+03 8.35164835e-01 1.00700000e+03
  6.70999889e+01 0.00000000e+00]
 [4.91000000e+02 1.10481054e+03 8.38827839e-01 1.00700000e+03
  6.79875230e+01 0.00000000e+00]
 [4.92000000e+02 1.10522186e+03 8.42490842e-01 1.00800000e+03
  6.91353547e+01 0.00000000e+00]
 [4.93000000e+02 1.10563319e+03 8.46153846e-01 1.00800000e+03
  7.05464114e+01 0.00000000e+00]
 [4.94000000e+02 1.10604452e+03 8.49816850e-01 1.00900000e+03
  7.21794589e+01 0.00000000e+00]
 [4.95000000e+02 1.10645584e+03 8.53479853e-01 1.00900000e+03
  7.39835582e+01 0.00000000e+00]
 [4.96000000e+02 1.10686717e+03 8.57142857e-01 1.01000000e+03
  7.58480640e+01 0.00000000e+00]
 [4.97000000e+02 1.10727850e+03 8.60805861e-01 1.01100000e+03
  7.76820857e+01 0.00000000e+00]
 [4.98000000e+02 1.10768983e+03 8.64468864e-01 1.01200000e+03
  7.93980691e+01 0.00000000e+00]
 [4.99000000e+02 1.10810115e+03 8.68131868e-01 1.01300000e+03
  8.09408615e+01 0.00000000e+00]
 [5.00000000e+02 1.10851248e+03 8.71794872e-01 1.01500000e+03
  8.22661731e+01 0.00000000e+00]
 [5.01000000e+02 1.10892381e+03 8.75457875e-01 1.01700000e+03
  8.33586570e+01 0.00000000e+00]
 [5.02000000e+02 1.10933513e+03 8.79120879e-01 1.02000000e+03
  8.41769676e+01 0.00000000e+00]
 [5.03000000e+02 1.10974646e+03 8.82783883e-01 1.02400000e+03
  8.46546149e+01 0.00000000e+00]
 [5.04000000e+02 1.11015779e+03 8.86446886e-01 1.02900000e+03
  8.46937987e+01 0.00000000e+00]
 [5.05000000e+02 1.11056911e+03 8.90109890e-01 1.03400000e+03
  8.42731504e+01 0.00000000e+00]
 [5.06000000e+02 1.11098044e+03 8.93772894e-01 1.03700000e+03
  8.34709348e+01 0.00000000e+00]
 [5.07000000e+02 1.11139177e+03 8.97435897e-01 1.03900000e+03
  8.23662079e+01 0.00000000e+00]
 [5.08000000e+02 1.11180310e+03 9.01098901e-01 1.04000000e+03
  8.09954931e+01 0.00000000e+00]
 [5.09000000e+02 1.11221442e+03 9.04761905e-01 1.04200000e+03
  7.93679794e+01 0.00000000e+00]
 [5.10000000e+02 1.11262575e+03 9.08424908e-01 1.04300000e+03
  7.74594480e+01 0.00000000e+00]
 [5.11000000e+02 1.11303708e+03 9.12087912e-01 1.04400000e+03
  7.52519711e+01 0.00000000e+00]
 [5.12000000e+02 1.11344840e+03 9.15750916e-01 1.04400000e+03
  7.27149279e+01 0.00000000e+00]
 [5.13000000e+02 1.11385973e+03 9.19413919e-01 1.04500000e+03
  6.98828996e+01 0.00000000e+00]
 [5.14000000e+02 1.11427106e+03 9.23076923e-01 1.04600000e+03
  6.69047616e+01 0.00000000e+00]
 [5.15000000e+02 1.11468238e+03 9.26739927e-01 1.04600000e+03
  6.40203153e+01 0.00000000e+00]]
********18******
band_temp[band_num]=[time_index,percent of the ELM, Frequency, width, band_type]
***************
***************
***************
***************
[[4.90000000e+02 1.10439921e+03 8.35164835e-01 1.31800000e+03
  5.53294405e+01 2.00000000e+00]
 [4.91000000e+02 1.10481054e+03 8.38827839e-01 1.31800000e+03
  5.51627809e+01 0.00000000e+00]
 [4.92000000e+02 1.10522186e+03 8.42490842e-01 1.31800000e+03
  5.53386485e+01 0.00000000e+00]
 [4.93000000e+02 1.10563319e+03 8.46153846e-01 1.31800000e+03
  5.58030669e+01 0.00000000e+00]
 [4.94000000e+02 1.10604452e+03 8.49816850e-01 1.31800000e+03
  5.65538281e+01 0.00000000e+00]
 [4.95000000e+02 1.10645584e+03 8.53479853e-01 1.31700000e+03
  5.76746857e+01 0.00000000e+00]
 [4.96000000e+02 1.10686717e+03 8.57142857e-01 1.31700000e+03
  5.93072448e+01 0.00000000e+00]
 [4.97000000e+02 1.10727850e+03 8.60805861e-01 1.31700000e+03
  6.18253431e+01 0.00000000e+00]
 [4.98000000e+02 1.10768983e+03 8.64468864e-01 1.31700000e+03
  6.62088284e+01 0.00000000e+00]
 [4.99000000e+02 1.10810115e+03 8.68131868e-01 1.31700000e+03
  7.46840856e+01 0.00000000e+00]
 [5.00000000e+02 1.10851248e+03 8.71794872e-01 1.31600000e+03
  8.25382474e+01 0.00000000e+00]
 [5.01000000e+02 1.10892381e+03 8.75457875e-01 1.31600000e+03
  8.72941469e+01 0.00000000e+00]
 [5.02000000e+02 1.10933513e+03 8.79120879e-01 1.31600000e+03
  9.08111851e+01 0.00000000e+00]
 [5.03000000e+02 1.10974646e+03 8.82783883e-01 1.31500000e+03
  9.36845229e+01 0.00000000e+00]
 [5.04000000e+02 1.11015779e+03 8.86446886e-01 1.31400000e+03
  9.58520735e+01 0.00000000e+00]]
********19******
band_temp[band_num]=[time_index,percent of the ELM, Frequency, width, band_type]
***************
***************
***************
***************
[[4.92000000e+02 1.10522186e+03 8.42490842e-01 3.51000000e+02
  7.98502818e+01 2.00000000e+00]
 [4.93000000e+02 1.10563319e+03 8.46153846e-01 3.49000000e+02
  7.44014669e+01 0.00000000e+00]
 [4.94000000e+02 1.10604452e+03 8.49816850e-01 3.48000000e+02
  5.73871623e+01 0.00000000e+00]
 [4.95000000e+02 1.10645584e+03 8.53479853e-01 3.47000000e+02
  4.73086269e+01 0.00000000e+00]
 [4.96000000e+02 1.10686717e+03 8.57142857e-01 3.47000000e+02
  4.50114419e+01 0.00000000e+00]
 [4.97000000e+02 1.10727850e+03 8.60805861e-01 3.47000000e+02
  4.41828316e+01 0.00000000e+00]
 [4.98000000e+02 1.10768983e+03 8.64468864e-01 3.46000000e+02
  4.38933712e+01 0.00000000e+00]
 [4.99000000e+02 1.10810115e+03 8.68131868e-01 3.46000000e+02
  4.38997179e+01 0.00000000e+00]
 [5.00000000e+02 1.10851248e+03 8.71794872e-01 3.46000000e+02
  4.40950556e+01 0.00000000e+00]
 [5.01000000e+02 1.10892381e+03 8.75457875e-01 3.46000000e+02
  4.44367876e+01 0.00000000e+00]
 [5.02000000e+02 1.10933513e+03 8.79120879e-01 3.45000000e+02
  4.49100506e+01 0.00000000e+00]
 [5.03000000e+02 1.10974646e+03 8.82783883e-01 3.45000000e+02
  4.55182839e+01 0.00000000e+00]
 [5.04000000e+02 1.11015779e+03 8.86446886e-01 3.45000000e+02
  4.63027825e+01 0.00000000e+00]
 [5.05000000e+02 1.11056911e+03 8.90109890e-01 3.45000000e+02
  4.73160724e+01 0.00000000e+00]
 [5.06000000e+02 1.11098044e+03 8.93772894e-01 3.45000000e+02
  4.86579243e+01 0.00000000e+00]
 [5.07000000e+02 1.11139177e+03 8.97435897e-01 3.44000000e+02
  5.04470728e+01 0.00000000e+00]
 [5.08000000e+02 1.11180310e+03 9.01098901e-01 3.44000000e+02
  5.30678957e+01 0.00000000e+00]
 [5.09000000e+02 1.11221442e+03 9.04761905e-01 3.43000000e+02
  5.74077372e+01 0.00000000e+00]
 [5.10000000e+02 1.11262575e+03 9.08424908e-01 3.43000000e+02
  6.79353814e+01 0.00000000e+00]
 [5.11000000e+02 1.11303708e+03 9.12087912e-01 3.42000000e+02
  7.93238091e+01 0.00000000e+00]
 [5.12000000e+02 1.11344840e+03 9.15750916e-01 3.41000000e+02
  8.44831473e+01 0.00000000e+00]
 [5.13000000e+02 1.11385973e+03 9.19413919e-01 3.39000000e+02
  8.77638162e+01 0.00000000e+00]
 [5.14000000e+02 1.11427106e+03 9.23076923e-01 3.38000000e+02
  9.00290644e+01 0.00000000e+00]
 [5.15000000e+02 1.11468238e+03 9.26739927e-01 3.35000000e+02
  9.15148271e+01 0.00000000e+00]
 [5.16000000e+02 1.11509371e+03 9.30402930e-01 3.31000000e+02
  9.22134296e+01 0.00000000e+00]
 [5.17000000e+02 1.11550504e+03 9.34065934e-01 3.26000000e+02
  9.19919110e+01 0.00000000e+00]
 [5.18000000e+02 1.11591636e+03 9.37728938e-01 3.19000000e+02
  9.07566754e+01 0.00000000e+00]
 [5.19000000e+02 1.11632769e+03 9.41391941e-01 3.13000000e+02
  8.86953152e+01 0.00000000e+00]
 [5.20000000e+02 1.11673902e+03 9.45054945e-01 3.10000000e+02
  8.63011312e+01 0.00000000e+00]
 [5.21000000e+02 1.11715035e+03 9.48717949e-01 3.08000000e+02
  8.38724272e+01 0.00000000e+00]
 [5.22000000e+02 1.11756167e+03 9.52380952e-01 3.08000000e+02
  8.15927541e+01 0.00000000e+00]
 [5.23000000e+02 1.11797300e+03 9.56043956e-01 3.07000000e+02
  7.95830701e+01 0.00000000e+00]
 [5.24000000e+02 1.11838433e+03 9.59706960e-01 3.07000000e+02
  7.79039184e+01 0.00000000e+00]
 [5.25000000e+02 1.11879565e+03 9.63369963e-01 3.07000000e+02
  7.65509724e+01 0.00000000e+00]
 [5.26000000e+02 1.11920698e+03 9.67032967e-01 3.07000000e+02
  7.55017042e+01 0.00000000e+00]
 [5.27000000e+02 1.11961831e+03 9.70695971e-01 3.07000000e+02
  7.46755324e+01 0.00000000e+00]
 [5.28000000e+02 1.12002963e+03 9.74358974e-01 3.07000000e+02
  7.40419114e+01 0.00000000e+00]
 [5.29000000e+02 1.12044096e+03 9.78021978e-01 3.08000000e+02
  7.36083173e+01 0.00000000e+00]
 [5.30000000e+02 1.12085229e+03 9.81684982e-01 3.08000000e+02
  7.33574399e+01 0.00000000e+00]
 [5.31000000e+02 1.12126362e+03 9.85347985e-01 3.08000000e+02
  7.32987380e+01 0.00000000e+00]
 [5.32000000e+02 1.12167494e+03 9.89010989e-01 3.08000000e+02
  7.34539455e+01 0.00000000e+00]
 [5.33000000e+02 1.12208627e+03 9.92673993e-01 3.09000000e+02
  7.38783508e+01 0.00000000e+00]
 [5.34000000e+02 1.12249760e+03 9.96336996e-01 3.09000000e+02
  7.47201012e+01 0.00000000e+00]]
********20******
band_temp[band_num]=[time_index,percent of the ELM, Frequency, width, band_type]
***************
***************
***************
***************
[[4.97000000e+02 1.10727850e+03 8.60805861e-01 1.43900000e+03
  5.14534406e+01 2.00000000e+00]
 [4.98000000e+02 1.10768983e+03 8.64468864e-01 1.43900000e+03
  5.14648304e+01 0.00000000e+00]
 [4.99000000e+02 1.10810115e+03 8.68131868e-01 1.43900000e+03
  5.14776073e+01 0.00000000e+00]
 [5.00000000e+02 1.10851248e+03 8.71794872e-01 1.43900000e+03
  5.14873396e+01 0.00000000e+00]
 [5.01000000e+02 1.10892381e+03 8.75457875e-01 1.43900000e+03
  5.14939537e+01 0.00000000e+00]
 [5.02000000e+02 1.10933513e+03 8.79120879e-01 1.43900000e+03
  5.15019504e+01 0.00000000e+00]
 [5.03000000e+02 1.10974646e+03 8.82783883e-01 1.43900000e+03
  5.15063999e+01 0.00000000e+00]
 [5.04000000e+02 1.11015779e+03 8.86446886e-01 1.43900000e+03
  5.17574671e+01 0.00000000e+00]
 [5.05000000e+02 1.11056911e+03 8.90109890e-01 1.43900000e+03
  5.17427397e+01 0.00000000e+00]
 [5.06000000e+02 1.11098044e+03 8.93772894e-01 1.43900000e+03
  5.17267774e+01 0.00000000e+00]
 [5.07000000e+02 1.11139177e+03 8.97435897e-01 1.43900000e+03
  5.17092440e+01 0.00000000e+00]
 [5.08000000e+02 1.11180310e+03 9.01098901e-01 1.43900000e+03
  5.16906459e+01 0.00000000e+00]
 [5.09000000e+02 1.11221442e+03 9.04761905e-01 1.43900000e+03
  5.16713375e+01 0.00000000e+00]
 [5.10000000e+02 1.11262575e+03 9.08424908e-01 1.43900000e+03
  5.16515692e+01 0.00000000e+00]
 [5.11000000e+02 1.11303708e+03 9.12087912e-01 1.43900000e+03
  5.16315193e+01 0.00000000e+00]
 [5.12000000e+02 1.11344840e+03 9.15750916e-01 1.43900000e+03
  5.16113104e+01 0.00000000e+00]
 [5.13000000e+02 1.11385973e+03 9.19413919e-01 1.43900000e+03
  5.15910330e+01 0.00000000e+00]
 [5.14000000e+02 1.11427106e+03 9.23076923e-01 1.43900000e+03
  5.15707544e+01 0.00000000e+00]
 [5.15000000e+02 1.11468238e+03 9.26739927e-01 1.43900000e+03
  5.15505561e+01 0.00000000e+00]
 [5.16000000e+02 1.11509371e+03 9.30402930e-01 1.43900000e+03
  5.15305299e+01 0.00000000e+00]
 [5.17000000e+02 1.11550504e+03 9.34065934e-01 1.43900000e+03
  5.15106242e+01 0.00000000e+00]
 [5.18000000e+02 1.11591636e+03 9.37728938e-01 1.43900000e+03
  5.14908652e+01 0.00000000e+00]
 [5.19000000e+02 1.11632769e+03 9.41391941e-01 1.43900000e+03
  5.14712746e+01 0.00000000e+00]
 [5.20000000e+02 1.11673902e+03 9.45054945e-01 1.43900000e+03
  5.14518680e+01 0.00000000e+00]
 [5.21000000e+02 1.11715035e+03 9.48717949e-01 1.43900000e+03
  5.14326564e+01 0.00000000e+00]
 [5.22000000e+02 1.11756167e+03 9.52380952e-01 1.43900000e+03
  5.14136477e+01 0.00000000e+00]
 [5.23000000e+02 1.11797300e+03 9.56043956e-01 1.43900000e+03
  5.13948591e+01 0.00000000e+00]
 [5.24000000e+02 1.11838433e+03 9.59706960e-01 1.43900000e+03
  5.13826450e+01 0.00000000e+00]
 [5.25000000e+02 1.11879565e+03 9.63369963e-01 1.43900000e+03
  5.13708543e+01 0.00000000e+00]
 [5.26000000e+02 1.11920698e+03 9.67032967e-01 1.43900000e+03
  5.13589536e+01 0.00000000e+00]
 [5.27000000e+02 1.11961831e+03 9.70695971e-01 1.43900000e+03
  5.13469957e+01 0.00000000e+00]
 [5.28000000e+02 1.12002963e+03 9.74358974e-01 1.43900000e+03
  5.13348421e+01 0.00000000e+00]
 [5.29000000e+02 1.12044096e+03 9.78021978e-01 1.43900000e+03
  5.13228206e+01 0.00000000e+00]
 [5.30000000e+02 1.12085229e+03 9.81684982e-01 1.43900000e+03
  5.13105894e+01 0.00000000e+00]
 [5.31000000e+02 1.12126362e+03 9.85347985e-01 1.43900000e+03
  5.12985996e+01 0.00000000e+00]
 [5.32000000e+02 1.12167494e+03 9.89010989e-01 1.43900000e+03
  5.12864290e+01 0.00000000e+00]
 [5.33000000e+02 1.12208627e+03 9.92673993e-01 1.43900000e+03
  5.12745558e+01 0.00000000e+00]
 [5.34000000e+02 1.12249760e+03 9.96336996e-01 1.43900000e+03
  5.12625839e+01 0.00000000e+00]
 [5.35000000e+02 1.12290892e+03 1.00000000e+00 1.43900000e+03
  5.12508688e+01 0.00000000e+00]]
********21******
band_temp[band_num]=[time_index,percent of the ELM, Frequency, width, band_type]
***************
***************
***************
***************
[[5.05000000e+02 1.11056911e+03 8.90109890e-01 1.27600000e+03
  9.74259452e+01 2.00000000e+00]
 [5.06000000e+02 1.11098044e+03 8.93772894e-01 1.27400000e+03
  9.51993972e+01 0.00000000e+00]
 [5.07000000e+02 1.11139177e+03 8.97435897e-01 1.27300000e+03
  9.24267022e+01 0.00000000e+00]
 [5.08000000e+02 1.11180310e+03 9.01098901e-01 1.27200000e+03
  8.88173031e+01 0.00000000e+00]
 [5.09000000e+02 1.11221442e+03 9.04761905e-01 1.27100000e+03
  8.35621898e+01 0.00000000e+00]
 [5.10000000e+02 1.11262575e+03 9.08424908e-01 1.27000000e+03
  7.34993188e+01 0.00000000e+00]
 [5.11000000e+02 1.11303708e+03 9.12087912e-01 1.27000000e+03
  6.29574887e+01 0.00000000e+00]
 [5.12000000e+02 1.11344840e+03 9.15750916e-01 1.27000000e+03
  5.87377373e+01 0.00000000e+00]
 [5.13000000e+02 1.11385973e+03 9.19413919e-01 1.26900000e+03
  5.63397980e+01 0.00000000e+00]
 [5.14000000e+02 1.11427106e+03 9.23076923e-01 1.26900000e+03
  5.47312135e+01 0.00000000e+00]
 [5.15000000e+02 1.11468238e+03 9.26739927e-01 1.26900000e+03
  5.35593818e+01 0.00000000e+00]
 [5.16000000e+02 1.11509371e+03 9.30402930e-01 1.26900000e+03
  5.26688139e+01 0.00000000e+00]
 [5.17000000e+02 1.11550504e+03 9.34065934e-01 1.26900000e+03
  5.19699280e+01 0.00000000e+00]
 [5.18000000e+02 1.11591636e+03 9.37728938e-01 1.26800000e+03
  5.13984472e+01 0.00000000e+00]
 [5.19000000e+02 1.11632769e+03 9.41391941e-01 1.26800000e+03
  5.09312995e+01 0.00000000e+00]
 [5.20000000e+02 1.11673902e+03 9.45054945e-01 1.26800000e+03
  5.05416236e+01 0.00000000e+00]
 [5.21000000e+02 1.11715035e+03 9.48717949e-01 1.26800000e+03
  5.02179296e+01 0.00000000e+00]
 [5.22000000e+02 1.11756167e+03 9.52380952e-01 1.26800000e+03
  4.99436523e+01 0.00000000e+00]
 [5.23000000e+02 1.11797300e+03 9.56043956e-01 1.26800000e+03
  4.97082462e+01 0.00000000e+00]
 [5.24000000e+02 1.11838433e+03 9.59706960e-01 1.26800000e+03
  4.94994523e+01 0.00000000e+00]
 [5.25000000e+02 1.11879565e+03 9.63369963e-01 1.26800000e+03
  4.93191286e+01 0.00000000e+00]
 [5.26000000e+02 1.11920698e+03 9.67032967e-01 1.26800000e+03
  4.91616471e+01 0.00000000e+00]
 [5.27000000e+02 1.11961831e+03 9.70695971e-01 1.26800000e+03
  4.90233161e+01 0.00000000e+00]
 [5.28000000e+02 1.12002963e+03 9.74358974e-01 1.26800000e+03
  4.89010908e+01 0.00000000e+00]
 [5.29000000e+02 1.12044096e+03 9.78021978e-01 1.26800000e+03
  4.87924386e+01 0.00000000e+00]
 [5.30000000e+02 1.12085229e+03 9.81684982e-01 1.26800000e+03
  4.86952354e+01 0.00000000e+00]
 [5.31000000e+02 1.12126362e+03 9.85347985e-01 1.26800000e+03
  4.86080197e+01 0.00000000e+00]
 [5.32000000e+02 1.12167494e+03 9.89010989e-01 1.26800000e+03
  4.85292799e+01 0.00000000e+00]
 [5.33000000e+02 1.12208627e+03 9.92673993e-01 1.26800000e+03
  4.84574566e+01 0.00000000e+00]
 [5.34000000e+02 1.12249760e+03 9.96336996e-01 1.26800000e+03
  4.83914099e+01 0.00000000e+00]
 [5.35000000e+02 1.12290892e+03 1.00000000e+00 1.26800000e+03
  4.83301265e+01 0.00000000e+00]]
********22******
band_temp[band_num]=[time_index,percent of the ELM, Frequency, width, band_type]
***************
***************
***************
***************
[[5.16000000e+02 1.11509371e+03 9.30402930e-01 1.13300000e+03
  5.18207933e+01 2.00000000e+00]
 [5.17000000e+02 1.11550504e+03 9.34065934e-01 1.13300000e+03
  5.19750088e+01 0.00000000e+00]
 [5.18000000e+02 1.11591636e+03 9.37728938e-01 1.13200000e+03
  5.21846285e+01 0.00000000e+00]
 [5.19000000e+02 1.11632769e+03 9.41391941e-01 1.13200000e+03
  5.24567637e+01 0.00000000e+00]
 [5.20000000e+02 1.11673902e+03 9.45054945e-01 1.13200000e+03
  5.27940788e+01 0.00000000e+00]
 [5.21000000e+02 1.11715035e+03 9.48717949e-01 1.13200000e+03
  5.32007777e+01 0.00000000e+00]
 [5.22000000e+02 1.11756167e+03 9.52380952e-01 1.13100000e+03
  5.36917120e+01 0.00000000e+00]
 [5.23000000e+02 1.11797300e+03 9.56043956e-01 1.13100000e+03
  5.42600370e+01 0.00000000e+00]
 [5.24000000e+02 1.11838433e+03 9.59706960e-01 1.13100000e+03
  5.49400280e+01 0.00000000e+00]
 [5.25000000e+02 1.11879565e+03 9.63369963e-01 1.13000000e+03
  5.57449082e+01 0.00000000e+00]
 [5.26000000e+02 1.11920698e+03 9.67032967e-01 1.13000000e+03
  5.67040422e+01 0.00000000e+00]
 [5.27000000e+02 1.11961831e+03 9.70695971e-01 1.12900000e+03
  5.78493717e+01 0.00000000e+00]
 [5.28000000e+02 1.12002963e+03 9.74358974e-01 1.12900000e+03
  5.92360683e+01 0.00000000e+00]
 [5.29000000e+02 1.12044096e+03 9.78021978e-01 1.12800000e+03
  6.09056669e+01 0.00000000e+00]
 [5.30000000e+02 1.12085229e+03 9.81684982e-01 1.12700000e+03
  6.29528793e+01 0.00000000e+00]
 [5.31000000e+02 1.12126362e+03 9.85347985e-01 1.12600000e+03
  6.54561557e+01 0.00000000e+00]
 [5.32000000e+02 1.12167494e+03 9.89010989e-01 1.12500000e+03
  6.84586175e+01 0.00000000e+00]
 [5.33000000e+02 1.12208627e+03 9.92673993e-01 1.12400000e+03
  7.18953686e+01 0.00000000e+00]
 [5.34000000e+02 1.12249760e+03 9.96336996e-01 1.12300000e+03
  7.54404500e+01 0.00000000e+00]
 [5.35000000e+02 1.12290892e+03 1.00000000e+00 1.12200000e+03
  7.86183230e+01 0.00000000e+00]]
********23******
band_temp[band_num]=[time_index,percent of the ELM, Frequency, width, band_type]
***************
***************
***************
***************
[[5.19000000e+02 1.11632769e+03 9.41391941e-01 7.35000000e+02
  6.97702160e+01 2.00000000e+00]
 [5.20000000e+02 1.11673902e+03 9.45054945e-01 7.35000000e+02
  7.00470228e+01 0.00000000e+00]
 [5.21000000e+02 1.11715035e+03 9.48717949e-01 7.35000000e+02
  7.03887233e+01 0.00000000e+00]
 [5.22000000e+02 1.11756167e+03 9.52380952e-01 7.35000000e+02
  7.08128165e+01 0.00000000e+00]
 [5.23000000e+02 1.11797300e+03 9.56043956e-01 7.35000000e+02
  7.13422712e+01 0.00000000e+00]
 [5.24000000e+02 1.11838433e+03 9.59706960e-01 7.35000000e+02
  7.19872976e+01 0.00000000e+00]
 [5.25000000e+02 1.11879565e+03 9.63369963e-01 7.35000000e+02
  7.27651930e+01 0.00000000e+00]
 [5.26000000e+02 1.11920698e+03 9.67032967e-01 7.36000000e+02
  7.37066632e+01 0.00000000e+00]
 [5.27000000e+02 1.11961831e+03 9.70695971e-01 7.36000000e+02
  7.48481394e+01 0.00000000e+00]
 [5.28000000e+02 1.12002963e+03 9.74358974e-01 7.36000000e+02
  7.62232265e+01 0.00000000e+00]
 [5.29000000e+02 1.12044096e+03 9.78021978e-01 7.36000000e+02
  7.78811586e+01 0.00000000e+00]
 [5.30000000e+02 1.12085229e+03 9.81684982e-01 7.36000000e+02
  7.98799861e+01 0.00000000e+00]
 [5.31000000e+02 1.12126362e+03 9.85347985e-01 7.36000000e+02
  8.22979764e+01 0.00000000e+00]
 [5.32000000e+02 1.12167494e+03 9.89010989e-01 7.36000000e+02
  8.52310790e+01 0.00000000e+00]
 [5.33000000e+02 1.12208627e+03 9.92673993e-01 7.36000000e+02
  8.87348831e+01 0.00000000e+00]
 [5.34000000e+02 1.12249760e+03 9.96336996e-01 7.36000000e+02
  9.27546240e+01 0.00000000e+00]
 [5.35000000e+02 1.12290892e+03 1.00000000e+00 7.36000000e+02
  9.70137920e+01 0.00000000e+00]]
********24******
band_temp[band_num]=[time_index,percent of the ELM, Frequency, width, band_type]
***************
***************
***************
***************
[[5.27000000e+02 1.11961831e+03 9.70695971e-01 1.01000000e+02
  2.84951256e+01 2.00000000e+00]
 [5.28000000e+02 1.12002963e+03 9.74358974e-01 1.01000000e+02
  3.07917890e+01 0.00000000e+00]
 [5.29000000e+02 1.12044096e+03 9.78021978e-01 1.01000000e+02
  3.26986225e+01 0.00000000e+00]
 [5.30000000e+02 1.12085229e+03 9.81684982e-01 1.01000000e+02
  3.42643228e+01 0.00000000e+00]
 [5.31000000e+02 1.12126362e+03 9.85347985e-01 1.00000000e+02
  3.55059346e+01 0.00000000e+00]
 [5.32000000e+02 1.12167494e+03 9.89010989e-01 1.00000000e+02
  3.64857593e+01 0.00000000e+00]
 [5.33000000e+02 1.12208627e+03 9.92673993e-01 1.00000000e+02
  3.72430075e+01 0.00000000e+00]
 [5.34000000e+02 1.12249760e+03 9.96336996e-01 1.00000000e+02
  3.78125120e+01 0.00000000e+00]
 [5.35000000e+02 1.12290892e+03 1.00000000e+00 1.00000000e+02
  3.82221328e+01 0.00000000e+00]]
********25******
band_temp[band_num]=[time_index,percent of the ELM, Frequency, width, band_type]
***************
***************
***************
***************
[[5.31000000e+02 1.12126362e+03 9.85347985e-01 8.44000000e+02
  3.77593203e+01 2.00000000e+00]
 [5.32000000e+02 1.12167494e+03 9.89010989e-01 8.44000000e+02
  3.78131443e+01 0.00000000e+00]
 [5.33000000e+02 1.12208627e+03 9.92673993e-01 8.44000000e+02
  3.78646688e+01 0.00000000e+00]
 [5.34000000e+02 1.12249760e+03 9.96336996e-01 8.44000000e+02
  3.79106628e+01 0.00000000e+00]
 [5.35000000e+02 1.12290892e+03 1.00000000e+00 8.44000000e+02
  3.79497301e+01 0.00000000e+00]]
********26******
band_temp[band_num]=[time_index,percent of the ELM, Frequency, width, band_type]
***************
***************
***************
***************
[[5.35000000e+02 1.12290892e+03 1.00000000e+00 2.20000000e+02
  3.46028326e+01 2.00000000e+00]]
********27******
band_temp[band_num]=[time_index,percent of the ELM, Frequency, width, band_type]
***************
***************
***************
***************
[[5.35000000e+02 1.12290892e+03 1.00000000e+00 3.94000000e+02
  5.00598963e+01 2.00000000e+00]]
